	22.0	23.0	24.0	25.0	26.0	27.0	28.0	29.0	30.0	31.0	32.0	33.0	34.0	35.0	36.0	37.0
Acute_Fatal_102_1	39.0	679.0	6276.0	31049.0	96706.0	213694.0	377003.0	571324.0	785836.0	1028712.0	1320762.0	1712616.0	2326888.0	3528462.0	7017235.0	25789238.0
	21.0	22.0	23.0	24.0	25.0	26.0	27.0	28.0	29.0	30.0	31.0	32.0	33.0	34.0	35.0	36.0	37.0
Acute_Fatal_102_2	19.0	1305.0	13576.0	59464.0	158035.0	306615.0	480287.0	654241.0	819673.0	982322.0	1155654.0	1365039.0	1657905.0	2135587.0	3050433.0	5637637.0	26328727.0
	22.0	23.0	24.0	25.0	26.0	27.0	28.0	29.0	30.0	31.0	32.0	33.0	34.0	35.0	36.0	37.0	38.0	39.0	40.0
Acute_Fatal_104_1	15.0	178.0	1650.0	9576.0	38558.0	105975.0	215047.0	352502.0	502077.0	653922.0	806260.0	968397.0	1158093.0	1398279.0	1736908.0	2279808.0	3345103.0	6567042.0	42434445.0
	21.0	22.0	23.0	24.0	25.0	26.0	27.0	28.0	29.0	30.0	31.0	32.0	33.0	34.0	35.0	36.0	37.0	38.0	39.0	40.0
Acute_Fatal_104_2	30.0	2062.0	21904.0	92671.0	232826.0	421583.0	626884.0	823307.0	1002769.0	1178050.0	1359466.0	1564870.0	1810020.0	2114475.0	2503804.0	3033042.0	3878182.0	5466304.0	9558195.0	26883391.0
	22.0	23.0	24.0	25.0	26.0	27.0	28.0	29.0	30.0	31.0	32.0	33.0	34.0	35.0	36.0	37.0	38.0	39.0	40.0
Acute_Fatal_105_1	9.0	113.0	1090.0	6534.0	26897.0	73543.0	148962.0	241889.0	340108.0	436986.0	534609.0	637942.0	758253.0	908577.0	1122663.0	1464877.0	2135031.0	4156909.0	27854254.0
	21.0	22.0	23.0	24.0	25.0	26.0	27.0	28.0	29.0	30.0	31.0	32.0	33.0	34.0	35.0	36.0	37.0	38.0	39.0	40.0
Acute_Fatal_105_2	9.0	1028.0	11567.0	49702.0	127062.0	232746.0	351077.0	465465.0	571532.0	680127.0	791451.0	920870.0	1072484.0	1266233.0	1511798.0	1851420.0	2392677.0	3422839.0	6168807.0	18960352.0
	22.0	23.0	24.0	25.0	26.0	27.0	28.0	29.0	30.0	31.0	32.0	33.0	34.0	35.0	36.0	37.0	38.0	39.0	40.0
Acute_Fatal_106_1	9.0	146.0	1254.0	7468.0	30029.0	82752.0	168434.0	277126.0	392322.0	507659.0	623429.0	741704.0	876321.0	1043662.0	1272318.0	1643503.0	2368420.0	4573555.0	33628850.0
	21.0	22.0	23.0	24.0	25.0	26.0	27.0	28.0	29.0	30.0	31.0	32.0	33.0	34.0	35.0	36.0	37.0	38.0	39.0	40.0
Acute_Fatal_106_2	9.0	908.0	10484.0	46924.0	121918.0	229624.0	351237.0	472763.0	589209.0	706605.0	828688.0	968073.0	1131622.0	1337349.0	1608548.0	1989393.0	2619741.0	3845740.0	7173744.0	24206382.0
	22.0	23.0	24.0	25.0	26.0	27.0	28.0	29.0	30.0	31.0	32.0	33.0	34.0	35.0	36.0	37.0	38.0	39.0	40.0
Acute_Fatal_107_1	5.0	117.0	991.0	5792.0	22873.0	62209.0	125229.0	204882.0	289475.0	375069.0	460576.0	546537.0	646277.0	771600.0	945573.0	1222681.0	1763246.0	3388952.0	24311032.0
	21.0	22.0	23.0	24.0	25.0	26.0	27.0	28.0	29.0	30.0	31.0	32.0	33.0	34.0	35.0	36.0	37.0	38.0	39.0	40.0
Acute_Fatal_107_2	6.0	581.0	6799.0	30229.0	79046.0	150564.0	233621.0	317058.0	400745.0	484323.0	574774.0	678921.0	805717.0	965477.0	1174775.0	1457573.0	1915585.0	2802928.0	5229798.0	17834596.0
	22.0	23.0	24.0	25.0	26.0	27.0	28.0	29.0	30.0	31.0	32.0	33.0	34.0	35.0	36.0	37.0	38.0	39.0	40.0
Acute_Fatal_109_1	3.0	54.0	652.0	4312.0	19076.0	56504.0	118641.0	198106.0	284983.0	372439.0	462309.0	557912.0	669470.0	808184.0	1004230.0	1306962.0	1889458.0	3636827.0	28397427.0
	21.0	22.0	23.0	24.0	25.0	26.0	27.0	28.0	29.0	30.0	31.0	32.0	33.0	34.0	35.0	36.0	37.0	38.0	39.0	40.0
Acute_Fatal_109_2	11.0	836.0	9228.0	41897.0	109226.0	205696.0	309883.0	413545.0	508989.0	599832.0	692927.0	798888.0	925388.0	1080496.0	1291642.0	1597830.0	2108933.0	3124508.0	5935078.0	20032716.0
	22.0	23.0	24.0	25.0	26.0	27.0	28.0	29.0	30.0	31.0	32.0	33.0	34.0	35.0	36.0	37.0
Acute_Fatal_14_1	10.0	432.0	4457.0	22929.0	71630.0	157566.0	273953.0	407747.0	553506.0	718975.0	916029.0	1191551.0	1626386.0	2475947.0	4976276.0	22668242.0
	21.0	22.0	23.0	24.0	25.0	26.0	27.0	28.0	29.0	30.0	31.0	32.0	33.0	34.0	35.0	36.0	37.0
Acute_Fatal_14_2	14.0	709.0	7275.0	32905.0	91314.0	186603.0	304538.0	429052.0	552345.0	676510.0	810422.0	974846.0	1200566.0	1569354.0	2277570.0	4351631.0	22599982.0
	22.0	23.0	24.0	25.0	26.0	27.0	28.0	29.0	30.0	31.0	32.0	33.0	34.0	35.0	36.0	37.0
Acute_Fatal_16_1	14.0	307.0	3399.0	17892.0	56531.0	126216.0	221412.0	335960.0	462938.0	607936.0	787383.0	1030898.0	1412973.0	2151730.0	4333270.0	22372322.0
	21.0	22.0	23.0	24.0	25.0	26.0	27.0	28.0	29.0	30.0	31.0	32.0	33.0	34.0	35.0	36.0	37.0
Acute_Fatal_16_2	19.0	684.0	7337.0	33200.0	91963.0	182441.0	292450.0	405544.0	517855.0	625368.0	743648.0	886954.0	1089886.0	1410669.0	2035296.0	3849610.0	21748257.0
	21.0	22.0	23.0	24.0	25.0	26.0	27.0	28.0	29.0	30.0	31.0	32.0	33.0	34.0	35.0	36.0	37.0
Acute_Fatal_17_1	1.0	19.0	339.0	3397.0	16808.0	52342.0	115899.0	203643.0	304683.0	416095.0	539382.0	684554.0	876706.0	1182671.0	1784536.0	3280180.0	9441585.0
	21.0	22.0	23.0	24.0	25.0	26.0	27.0	28.0	29.0	30.0	31.0	32.0	33.0	34.0	35.0	36.0	37.0
Acute_Fatal_17_2	16.0	725.0	7456.0	32540.0	86035.0	169257.0	265499.0	360964.0	451484.0	538410.0	629129.0	739849.0	909526.0	1169998.0	1640549.0	2822888.0	9078515.0
	22.0	23.0	24.0	25.0	26.0	27.0	28.0	29.0	30.0	31.0	32.0	33.0	34.0	35.0	36.0	37.0
Acute_Fatal_18_1	13.0	389.0	3923.0	20127.0	64458.0	145898.0	260206.0	394552.0	543788.0	707832.0	898717.0	1155859.0	1555429.0	2360076.0	4428562.0	14453945.0
	21.0	22.0	23.0	24.0	25.0	26.0	27.0	28.0	29.0	30.0	31.0	32.0	33.0	34.0	35.0	36.0	37.0
Acute_Fatal_18_2	9.0	747.0	7769.0	36046.0	100884.0	204529.0	331623.0	463567.0	591890.0	713852.0	844446.0	1003483.0	1240126.0	1601710.0	2257136.0	3899661.0	13696296.0
	22.0	23.0	24.0	25.0	26.0	27.0	28.0	29.0	30.0	31.0	32.0	33.0	34.0	35.0	36.0	37.0
Acute_Fatal_1_1	10.0	201.0	2189.0	11348.0	35697.0	79165.0	142132.0	216944.0	303997.0	406646.0	535870.0	718124.0	1009454.0	1600610.0	3440453.0	23511224.0
	21.0	22.0	23.0	24.0	25.0	26.0	27.0	28.0	29.0	30.0	31.0	32.0	33.0	34.0	35.0	36.0	37.0
Acute_Fatal_1_2	6.0	428.0	4171.0	19095.0	54495.0	110143.0	180258.0	256751.0	333528.0	411299.0	501810.0	610426.0	765352.0	1019388.0	1514334.0	3025986.0	23206594.0
	22.0	23.0	24.0	25.0	26.0	27.0	28.0	29.0	30.0	31.0	32.0	33.0	34.0	35.0	36.0	37.0
Acute_Fatal_20_1	18.0	353.0	3112.0	15481.0	46261.0	99440.0	171005.0	257222.0	350546.0	454346.0	581758.0	748956.0	1010131.0	1501274.0	2893191.0	10087047.0
	21.0	22.0	23.0	24.0	25.0	26.0	27.0	28.0	29.0	30.0	31.0	32.0	33.0	34.0	35.0	36.0	37.0
Acute_Fatal_20_2	7.0	508.0	5436.0	24099.0	66546.0	133370.0	214689.0	298215.0	379757.0	459319.0	542572.0	642114.0	776749.0	992323.0	1396371.0	2537682.0	9750384.0
	22.0	23.0	24.0	25.0	26.0	27.0	28.0	29.0	30.0	31.0	32.0	33.0	34.0	35.0	36.0	37.0
Acute_Fatal_21_1	13.0	233.0	2278.0	11985.0	37654.0	86293.0	156487.0	244427.0	347390.0	465293.0	614049.0	817160.0	1152589.0	1830268.0	3862363.0	15084126.0
	21.0	22.0	23.0	24.0	25.0	26.0	27.0	28.0	29.0	30.0	31.0	32.0	33.0	34.0	35.0	36.0	37.0
Acute_Fatal_21_2	11.0	539.0	5151.0	22854.0	60803.0	121050.0	193441.0	270065.0	346289.0	423085.0	507551.0	614558.0	762343.0	1005576.0	1480249.0	2888194.0	16010849.0
	21.0	22.0	23.0	24.0	25.0	26.0	27.0	28.0	29.0	30.0	31.0	32.0	33.0	34.0	35.0	36.0	37.0
Acute_Fatal_22_1	1.0	9.0	184.0	1902.0	9828.0	31870.0	72267.0	131021.0	202949.0	285479.0	384628.0	510454.0	682883.0	961845.0	1511817.0	3227040.0	25709946.0
	21.0	22.0	23.0	24.0	25.0	26.0	27.0	28.0	29.0	30.0	31.0	32.0	33.0	34.0	35.0	36.0	37.0
Acute_Fatal_22_2	6.0	411.0	4200.0	18769.0	51869.0	105002.0	172117.0	243554.0	317890.0	393674.0	481926.0	589645.0	739142.0	987398.0	1463659.0	2905537.0	25249324.0
	22.0	23.0	24.0	25.0	26.0	27.0	28.0	29.0	30.0	31.0	32.0	33.0	34.0	35.0	36.0	37.0
Acute_Fatal_24_1	25.0	728.0	7258.0	35912.0	110771.0	241642.0	419750.0	630220.0	863186.0	1124355.0	1435505.0	1835314.0	2420076.0	3463933.0	6153370.0	19609315.0
	21.0	22.0	23.0	24.0	25.0	26.0	27.0	28.0	29.0	30.0	31.0	32.0	33.0	34.0	35.0	36.0	37.0
Acute_Fatal_24_2	17.0	1171.0	10985.0	49656.0	136310.0	274499.0	452719.0	645199.0	847092.0	1053260.0	1279023.0	1549865.0	1909025.0	2431188.0	3338885.0	5627597.0	18744869.0
	22.0	23.0	24.0	25.0	26.0	27.0	28.0	29.0	30.0	31.0	32.0	33.0	34.0	35.0	36.0	37.0
Acute_Fatal_26_1	9.0	310.0	2989.0	15205.0	46009.0	100591.0	172865.0	258363.0	351988.0	458495.0	582351.0	746537.0	982707.0	1405537.0	2490819.0	8214554.0
	21.0	22.0	23.0	24.0	25.0	26.0	27.0	28.0	29.0	30.0	31.0	32.0	33.0	34.0	35.0	36.0	37.0
Acute_Fatal_26_2	11.0	552.0	5270.0	22854.0	60965.0	121011.0	193811.0	273214.0	352513.0	433543.0	523065.0	628454.0	772777.0	983125.0	1348938.0	2264506.0	7844720.0
	22.0	23.0	24.0	25.0	26.0	27.0	28.0	29.0	30.0	31.0	32.0	33.0	34.0	35.0	36.0	37.0
Acute_Fatal_29_1	4.0	115.0	1330.0	7181.0	23625.0	55127.0	98787.0	150975.0	210221.0	279180.0	362379.0	478505.0	662315.0	1023215.0	2166977.0	14416616.0
	21.0	22.0	23.0	24.0	25.0	26.0	27.0	28.0	29.0	30.0	31.0	32.0	33.0	34.0	35.0	36.0	37.0
Acute_Fatal_29_2	4.0	153.0	1972.0	9071.0	26653.0	56346.0	95895.0	140038.0	189135.0	240551.0	299054.0	371144.0	474712.0	633880.0	945005.0	1883329.0	14569610.0
	21.0	22.0	23.0	24.0	25.0	26.0	27.0	28.0	29.0	30.0	31.0	32.0	33.0	34.0	35.0	36.0	37.0
Acute_Fatal_32_1	1.0	25.0	473.0	4648.0	23415.0	74647.0	171061.0	309780.0	479673.0	673089.0	901052.0	1174496.0	1553863.0	2145546.0	3310939.0	6895846.0	34609589.0
	21.0	22.0	23.0	24.0	25.0	26.0	27.0	28.0	29.0	30.0	31.0	32.0	33.0	34.0	35.0	36.0	37.0
Acute_Fatal_32_2	18.0	1322.0	13005.0	56490.0	152022.0	292824.0	460883.0	628617.0	789316.0	944666.0	1115219.0	1325387.0	1620509.0	2104722.0	3045023.0	5806983.0	33971137.0
	22.0	23.0	24.0	25.0	26.0	27.0	28.0	29.0	30.0	31.0	32.0	33.0	34.0	35.0	36.0	37.0
Acute_Fatal_33_1	10.0	330.0	3163.0	16382.0	49717.0	110874.0	193476.0	292632.0	401789.0	526097.0	671499.0	863705.0	1167904.0	1767402.0	3522863.0	13060631.0
	21.0	22.0	23.0	24.0	25.0	26.0	27.0	28.0	29.0	30.0	31.0	32.0	33.0	34.0	35.0	36.0	37.0
Acute_Fatal_33_2	9.0	595.0	6553.0	29415.0	78596.0	154530.0	244490.0	334875.0	422557.0	505320.0	592775.0	700546.0	850592.0	1088141.0	1550593.0	2869077.0	13219810.0
	22.0	23.0	24.0	25.0	26.0	27.0	28.0	29.0	30.0	31.0	32.0	33.0	34.0	35.0	36.0	37.0
Acute_Fatal_34_1	17.0	371.0	3966.0	20909.0	67733.0	157474.0	284360.0	438573.0	613288.0	812025.0	1054237.0	1396675.0	1943196.0	3009846.0	6087878.0	19930967.0
	21.0	22.0	23.0	24.0	25.0	26.0	27.0	28.0	29.0	30.0	31.0	32.0	33.0	34.0	35.0	36.0	37.0
Acute_Fatal_34_2	18.0	1203.0	11918.0	51577.0	135408.0	259400.0	400960.0	539131.0	667629.0	792270.0	920591.0	1078768.0	1306106.0	1677628.0	2408822.0	4520137.0	21049949.0
	22.0	23.0	24.0	25.0	26.0	27.0	28.0	29.0	30.0	31.0	32.0	33.0	34.0	35.0	36.0	37.0
Acute_Fatal_35_1	14.0	285.0	2618.0	13282.0	40074.0	88612.0	157336.0	239996.0	335113.0	444446.0	579245.0	766557.0	1066245.0	1673025.0	3574484.0	18957845.0
	21.0	22.0	23.0	24.0	25.0	26.0	27.0	28.0	29.0	30.0	31.0	32.0	33.0	34.0	35.0	36.0	37.0
Acute_Fatal_35_2	4.0	591.0	5804.0	24870.0	64749.0	124810.0	195674.0	270834.0	343000.0	415161.0	495068.0	595453.0	741783.0	977434.0	1450649.0	2894184.0	19339109.0
	22.0	23.0	24.0	25.0	26.0	27.0	28.0	29.0	30.0	31.0	32.0	33.0	34.0	35.0	36.0	37.0
Acute_Fatal_36_1	9.0	246.0	2584.0	12718.0	38894.0	84301.0	146795.0	221607.0	305971.0	405453.0	528977.0	702395.0	977425.0	1517931.0	3178149.0	19758852.0
	21.0	22.0	23.0	24.0	25.0	26.0	27.0	28.0	29.0	30.0	31.0	32.0	33.0	34.0	35.0	36.0	37.0
Acute_Fatal_36_2	13.0	670.0	6243.0	25973.0	68049.0	129705.0	202203.0	275342.0	346376.0	416872.0	496823.0	597907.0	743149.0	978270.0	1441006.0	2855872.0	19297834.0
	22.0	23.0	24.0	25.0	26.0	27.0	28.0	29.0	30.0	31.0	32.0	33.0	34.0	35.0	36.0	37.0
Acute_Fatal_38_1	5.0	169.0	1785.0	8906.0	27187.0	59462.0	103170.0	156911.0	217353.0	288678.0	379026.0	506382.0	715615.0	1128669.0	2401276.0	14219224.0
	21.0	22.0	23.0	24.0	25.0	26.0	27.0	28.0	29.0	30.0	31.0	32.0	33.0	34.0	35.0	36.0	37.0
Acute_Fatal_38_2	11.0	428.0	4039.0	15925.0	42816.0	82433.0	132223.0	185226.0	238608.0	292853.0	354147.0	429577.0	539437.0	718810.0	1077441.0	2162441.0	13937403.0
	22.0	23.0	24.0	25.0	26.0	27.0	28.0	29.0	30.0	31.0	32.0	33.0	34.0	35.0	36.0	37.0
Acute_Fatal_39_1	16.0	377.0	3413.0	17015.0	50695.0	110314.0	189530.0	283203.0	385408.0	500634.0	637044.0	821192.0	1104714.0	1640304.0	3134027.0	10764509.0
	21.0	22.0	23.0	24.0	25.0	26.0	27.0	28.0	29.0	30.0	31.0	32.0	33.0	34.0	35.0	36.0	37.0
Acute_Fatal_39_2	8.0	514.0	5481.0	24528.0	68710.0	138636.0	224658.0	316590.0	404629.0	492127.0	585977.0	695374.0	845483.0	1083229.0	1527362.0	2783052.0	10446037.0
	21.0	22.0	23.0	24.0	25.0	26.0	27.0	28.0	29.0	30.0	31.0	32.0	33.0	34.0	35.0	36.0	37.0
Acute_Fatal_40_1	1.0	22.0	629.0	6357.0	31029.0	91881.0	197124.0	340515.0	509774.0	700504.0	918189.0	1183774.0	1546770.0	2114094.0	3200008.0	6382664.0	29675786.0
	21.0	22.0	23.0	24.0	25.0	26.0	27.0	28.0	29.0	30.0	31.0	32.0	33.0	34.0	35.0	36.0	37.0
Acute_Fatal_40_2	25.0	1343.0	12337.0	52504.0	140238.0	275777.0	441586.0	610209.0	776673.0	943633.0	1122328.0	1336436.0	1636863.0	2110393.0	3014864.0	5581448.0	28842464.0
	22.0	23.0	24.0	25.0	26.0	27.0	28.0	29.0	30.0	31.0	32.0	33.0	34.0	35.0	36.0	37.0
Acute_Fatal_41_1	8.0	153.0	1567.0	8136.0	24406.0	53384.0	92436.0	139371.0	192229.0	252328.0	327561.0	431547.0	593528.0	907454.0	1816368.0	7799243.0
	21.0	22.0	23.0	24.0	25.0	26.0	27.0	28.0	29.0	30.0	31.0	32.0	33.0	34.0	35.0	36.0	37.0
Acute_Fatal_41_2	5.0	327.0	3302.0	14420.0	39058.0	76469.0	120307.0	166105.0	208965.0	253144.0	299999.0	356730.0	437766.0	567026.0	822969.0	1551690.0	7721437.0
	21.0	22.0	23.0	24.0	25.0	26.0	27.0	28.0	29.0	30.0	31.0	32.0	33.0	34.0	35.0	36.0	37.0
Acute_Fatal_42_1	1.0	14.0	463.0	4652.0	22532.0	66778.0	141192.0	244818.0	367214.0	507613.0	665307.0	859803.0	1121763.0	1534413.0	2316408.0	4584481.0	19502150.0
	21.0	22.0	23.0	24.0	25.0	26.0	27.0	28.0	29.0	30.0	31.0	32.0	33.0	34.0	35.0	36.0	37.0
Acute_Fatal_42_2	20.0	1106.0	10448.0	44142.0	116317.0	223749.0	351047.0	478723.0	600297.0	716913.0	840613.0	992625.0	1206330.0	1546081.0	2199190.0	4053543.0	18558458.0
	22.0	23.0	24.0	25.0	26.0	27.0	28.0	29.0	30.0	31.0	32.0	33.0	34.0	35.0	36.0	37.0
Acute_Fatal_45_1	6.0	181.0	1865.0	9650.0	29859.0	66390.0	117126.0	178996.0	248839.0	329249.0	432409.0	576235.0	805278.0	1251724.0	2626869.0	15436450.0
	21.0	22.0	23.0	24.0	25.0	26.0	27.0	28.0	29.0	30.0	31.0	32.0	33.0	34.0	35.0	36.0	37.0
Acute_Fatal_45_2	10.0	488.0	4746.0	20335.0	54479.0	106055.0	166381.0	228083.0	286572.0	348911.0	414958.0	500219.0	619871.0	821097.0	1207147.0	2390843.0	14940931.0
	23.0	24.0	25.0	26.0	27.0	28.0	29.0	30.0	31.0	32.0	33.0	34.0	35.0	36.0	37.0
Acute_Fatal_46_1	47.0	489.0	2601.0	7662.0	16205.0	28189.0	42291.0	58601.0	77304.0	100367.0	133604.0	188483.0	296761.0	637649.0	4720924.0
	21.0	22.0	23.0	24.0	25.0	26.0	27.0	28.0	29.0	30.0	31.0	32.0	33.0	34.0	35.0	36.0	37.0
Acute_Fatal_46_2	2.0	125.0	1064.0	4648.0	12116.0	23303.0	36706.0	50905.0	65183.0	79806.0	97046.0	119438.0	152980.0	206672.0	299224.0	580512.0	4581447.0
	22.0	23.0	24.0	25.0	26.0	27.0	28.0	29.0	30.0	31.0	32.0	33.0	34.0	35.0	36.0	37.0
Acute_Fatal_47_1	3.0	91.0	944.0	4770.0	14643.0	32581.0	58118.0	89614.0	126294.0	168949.0	223538.0	302991.0	435052.0	712823.0	1622602.0	8907710.0
	21.0	22.0	23.0	24.0	25.0	26.0	27.0	28.0	29.0	30.0	31.0	32.0	33.0	34.0	35.0	36.0	37.0
Acute_Fatal_47_2	3.0	173.0	1616.0	7196.0	19469.0	40157.0	65773.0	93554.0	122289.0	152738.0	185992.0	229959.0	292883.0	394702.0	592457.0	1211718.0	9290044.0
	22.0	23.0	24.0	25.0	26.0	27.0	28.0	29.0	30.0	31.0	32.0	33.0	34.0	35.0	36.0	37.0
Acute_Fatal_48_1	27.0	504.0	5113.0	26495.0	84406.0	190579.0	338418.0	515239.0	708567.0	919745.0	1170947.0	1504511.0	2032017.0	3077504.0	5753705.0	18007991.0
	21.0	22.0	23.0	24.0	25.0	26.0	27.0	28.0	29.0	30.0	31.0	32.0	33.0	34.0	35.0	36.0	37.0
Acute_Fatal_48_2	18.0	947.0	10716.0	49219.0	138710.0	277985.0	445948.0	617190.0	780105.0	933845.0	1098362.0	1300050.0	1600817.0	2062034.0	2903600.0	5039574.0	17076648.0
	22.0	23.0	24.0	25.0	26.0	27.0	28.0	29.0	30.0	31.0	32.0	33.0	34.0	35.0	36.0	37.0
Acute_Fatal_49_1	37.0	1003.0	10049.0	52686.0	167823.0	375024.0	665798.0	1016931.0	1417929.0	1889712.0	2484708.0	3319654.0	4682464.0	7408760.0	16012660.0	116042281.0
	21.0	22.0	23.0	24.0	25.0	26.0	27.0	28.0	29.0	30.0	31.0	32.0	33.0	34.0	35.0	36.0	37.0
Acute_Fatal_49_2	25.0	1842.0	18826.0	86359.0	239585.0	483314.0	787955.0	1118776.0	1458437.0	1823337.0	2245065.0	2797002.0	3598586.0	4871401.0	7195055.0	14328868.0	114493086.0
	22.0	23.0	24.0	25.0	26.0	27.0	28.0	29.0	30.0	31.0	32.0	33.0	34.0	35.0	36.0	37.0
Acute_Fatal_4_1	11.0	214.0	2253.0	11675.0	35129.0	76140.0	131554.0	198146.0	272332.0	357180.0	465484.0	615779.0	856468.0	1326041.0	2792632.0	17398745.0
	21.0	22.0	23.0	24.0	25.0	26.0	27.0	28.0	29.0	30.0	31.0	32.0	33.0	34.0	35.0	36.0	37.0
Acute_Fatal_4_2	11.0	464.0	4690.0	19670.0	52551.0	102327.0	162264.0	225012.0	286569.0	350061.0	419444.0	508378.0	630871.0	834170.0	1230889.0	2441081.0	17271331.0
	22.0	23.0	24.0	25.0	26.0	27.0	28.0	29.0	30.0	31.0	32.0	33.0	34.0	35.0	36.0	37.0
Acute_Fatal_52_1	8.0	296.0	3114.0	16465.0	52495.0	116050.0	206969.0	318531.0	445969.0	594074.0	786635.0	1058512.0	1500015.0	2394679.0	5241430.0	36257926.0
	21.0	22.0	23.0	24.0	25.0	26.0	27.0	28.0	29.0	30.0	31.0	32.0	33.0	34.0	35.0	36.0	37.0
Acute_Fatal_52_2	9.0	666.0	6719.0	29401.0	80669.0	160188.0	260847.0	368648.0	482494.0	611463.0	772382.0	998017.0	1348840.0	1866555.0	2578240.0	4645359.0	34782671.0
	22.0	23.0	24.0	25.0	26.0	27.0	28.0	29.0	30.0	31.0	32.0	33.0	34.0	35.0	36.0	37.0
Acute_Fatal_57_1	14.0	290.0	2749.0	13808.0	40754.0	89927.0	157306.0	238817.0	332364.0	437102.0	566951.0	739466.0	1018172.0	1574790.0	3222260.0	13281451.0
	21.0	22.0	23.0	24.0	25.0	26.0	27.0	28.0	29.0	30.0	31.0	32.0	33.0	34.0	35.0	36.0	37.0
Acute_Fatal_57_2	13.0	678.0	6164.0	25742.0	67103.0	127862.0	197829.0	270427.0	339122.0	405693.0	479792.0	570985.0	704316.0	922604.0	1355096.0	2634286.0	13608509.0
	22.0	23.0	24.0	25.0	26.0	27.0	28.0	29.0	30.0	31.0	32.0	33.0	34.0	35.0	36.0	37.0
Acute_Fatal_58_1	8.0	226.0	2339.0	11274.0	34335.0	74998.0	130986.0	197954.0	275468.0	365343.0	474894.0	625772.0	863140.0	1340214.0	2864737.0	17807369.0
	21.0	22.0	23.0	24.0	25.0	26.0	27.0	28.0	29.0	30.0	31.0	32.0	33.0	34.0	35.0	36.0	37.0
Acute_Fatal_58_2	11.0	470.0	4581.0	19176.0	50447.0	98238.0	156713.0	217020.0	277089.0	338921.0	408499.0	492598.0	613175.0	813602.0	1199586.0	2380458.0	17998473.0
	22.0	23.0	24.0	25.0	26.0	27.0	28.0	29.0	30.0	31.0	32.0	33.0	34.0	35.0	36.0	37.0
Acute_Fatal_5_1	8.0	250.0	2417.0	11938.0	36989.0	82397.0	146033.0	220816.0	304657.0	398100.0	508882.0	655353.0	884476.0	1329786.0	2454189.0	7567181.0
	21.0	22.0	23.0	24.0	25.0	26.0	27.0	28.0	29.0	30.0	31.0	32.0	33.0	34.0	35.0	36.0	37.0
Acute_Fatal_5_2	9.0	618.0	6362.0	28538.0	75382.0	144452.0	222919.0	300454.0	367443.0	433907.0	501221.0	584498.0	711237.0	905147.0	1262803.0	2161872.0	6896610.0
	22.0	23.0	24.0	25.0	26.0	27.0	28.0	29.0	30.0	31.0	32.0	33.0	34.0	35.0	36.0	37.0
Acute_Fatal_64_1	28.0	441.0	4107.0	20405.0	64210.0	143031.0	252325.0	387895.0	537087.0	708890.0	912152.0	1184923.0	1608750.0	2420627.0	4788142.0	18393521.0
	21.0	22.0	23.0	24.0	25.0	26.0	27.0	28.0	29.0	30.0	31.0	32.0	33.0	34.0	35.0	36.0	37.0
Acute_Fatal_64_2	19.0	1101.0	11391.0	48823.0	128498.0	242757.0	371780.0	499968.0	617520.0	728738.0	849010.0	992522.0	1196574.0	1524625.0	2150824.0	3918255.0	18144129.0
	23.0	24.0	25.0	26.0	27.0	28.0	29.0	30.0	31.0	32.0	33.0	34.0	35.0	36.0	37.0
Acute_Fatal_65_1	58.0	634.0	3425.0	10737.0	24714.0	43632.0	66685.0	92743.0	122966.0	161041.0	212230.0	294966.0	456966.0	968406.0	6498454.0
	21.0	22.0	23.0	24.0	25.0	26.0	27.0	28.0	29.0	30.0	31.0	32.0	33.0	34.0	35.0	36.0	37.0
Acute_Fatal_65_2	2.0	127.0	1158.0	5224.0	14871.0	30350.0	49631.0	70374.0	92175.0	114862.0	139798.0	171756.0	215984.0	285956.0	422932.0	835811.0	6506646.0
	22.0	23.0	24.0	25.0	26.0	27.0	28.0	29.0	30.0	31.0	32.0	33.0	34.0	35.0	36.0	37.0	38.0
Acute_Fatal_67_1	6.0	162.0	1536.0	7140.0	20644.0	42745.0	69596.0	98364.0	129901.0	163314.0	206017.0	257066.0	327101.0	431558.0	627241.0	1065140.0	549769.0
	21.0	22.0	23.0	24.0	25.0	26.0	27.0	28.0	29.0	30.0	31.0	32.0	33.0	34.0	35.0	36.0	37.0	38.0
Acute_Fatal_67_2	38.0	1249.0	7599.0	21455.0	41242.0	64769.0	89857.0	116098.0	144335.0	175109.0	210262.0	249667.0	297816.0	370561.0	479775.0	637910.0	898963.0	190595.0
	22.0	23.0	24.0	25.0	26.0	27.0	28.0	29.0	30.0	31.0	32.0	33.0	34.0	35.0	36.0	37.0
Acute_Fatal_68_1	68.0	1890.0	18603.0	93495.0	290798.0	635572.0	1108462.0	1656447.0	2257351.0	2928658.0	3735572.0	4817347.0	6486361.0	9658912.0	18655813.0	65708251.0
	21.0	22.0	23.0	24.0	25.0	26.0	27.0	28.0	29.0	30.0	31.0	32.0	33.0	34.0	35.0	36.0	37.0
Acute_Fatal_68_2	46.0	3273.0	34876.0	158512.0	439503.0	876068.0	1404772.0	1947404.0	2461162.0	2966399.0	3490987.0	4123990.0	4980636.0	6339964.0	8908238.0	16150540.0	63767230.0
	22.0	23.0	24.0	25.0	26.0	27.0	28.0	29.0	30.0	31.0	32.0	33.0	34.0	35.0	36.0	37.0
Acute_Fatal_69_1	22.0	459.0	4230.0	20608.0	63177.0	137137.0	237553.0	355820.0	485150.0	633230.0	813232.0	1051536.0	1420578.0	2116916.0	4135111.0	16807916.0
	21.0	22.0	23.0	24.0	25.0	26.0	27.0	28.0	29.0	30.0	31.0	32.0	33.0	34.0	35.0	36.0	37.0
Acute_Fatal_69_2	26.0	920.0	9059.0	39341.0	104483.0	201404.0	314850.0	428370.0	536630.0	644043.0	759253.0	898415.0	1091782.0	1393298.0	1966109.0	3574949.0	16319743.0
	21.0	22.0	23.0	24.0	25.0	26.0	27.0	28.0	29.0	30.0	31.0	32.0	33.0	34.0	35.0	36.0	37.0
Acute_Fatal_6_1	1.0	7.0	225.0	2486.0	11775.0	36130.0	79712.0	139489.0	210269.0	290310.0	381563.0	493985.0	650316.0	898645.0	1399206.0	2852104.0	10043320.0
	21.0	22.0	23.0	24.0	25.0	26.0	27.0	28.0	29.0	30.0	31.0	32.0	33.0	34.0	35.0	36.0	37.0
Acute_Fatal_6_2	9.0	558.0	5275.0	22629.0	58441.0	112653.0	175457.0	238290.0	296611.0	354428.0	415520.0	491220.0	597305.0	772206.0	1111599.0	2088085.0	10749257.0
	22.0	23.0	24.0	25.0	26.0	27.0	28.0	29.0	30.0	31.0	32.0	33.0	34.0	35.0	36.0	37.0	38.0
Acute_Fatal_70_1	2.0	85.0	812.0	3871.0	11281.0	23798.0	39629.0	56499.0	74402.0	94362.0	118446.0	149513.0	189638.0	249764.0	363164.0	595762.0	286702.0
	21.0	22.0	23.0	24.0	25.0	26.0	27.0	28.0	29.0	30.0	31.0	32.0	33.0	34.0	35.0	36.0	37.0	38.0
Acute_Fatal_70_2	26.0	947.0	6039.0	17029.0	33015.0	50607.0	68461.0	86313.0	103961.0	121720.0	140277.0	159718.0	183567.0	215878.0	264753.0	333336.0	408715.0	63368.0
	22.0	23.0	24.0	25.0	26.0	27.0	28.0	29.0	30.0	31.0	32.0	33.0	34.0	35.0	36.0	37.0
Acute_Fatal_71_1	19.0	536.0	5574.0	27759.0	86792.0	194809.0	343185.0	517996.0	712456.0	933683.0	1202831.0	1561802.0	2107831.0	3140575.0	6113113.0	23469391.0
	21.0	22.0	23.0	24.0	25.0	26.0	27.0	28.0	29.0	30.0	31.0	32.0	33.0	34.0	35.0	36.0	37.0
Acute_Fatal_71_2	20.0	1250.0	13389.0	60761.0	167027.0	327278.0	514550.0	698387.0	870085.0	1029071.0	1197120.0	1398701.0	1675372.0	2116728.0	2948515.0	5311260.0	22088838.0
	22.0	23.0	24.0	25.0	26.0	27.0	28.0	29.0	30.0	31.0	32.0	33.0	34.0	35.0	36.0	37.0
Acute_Fatal_73_1	16.0	407.0	4257.0	21335.0	65456.0	141674.0	246555.0	368074.0	504998.0	660002.0	850655.0	1112857.0	1527992.0	2346264.0	4778739.0	21343929.0
	21.0	22.0	23.0	24.0	25.0	26.0	27.0	28.0	29.0	30.0	31.0	32.0	33.0	34.0	35.0	36.0	37.0
Acute_Fatal_73_2	14.0	732.0	8036.0	35746.0	98111.0	195871.0	312989.0	435745.0	552452.0	667796.0	791385.0	942721.0	1155165.0	1499236.0	2178357.0	4163414.0	20935440.0
	22.0	23.0	24.0	25.0	26.0	27.0	28.0	29.0	30.0	31.0	32.0	33.0	34.0	35.0	36.0	37.0
Acute_Fatal_76_1	11.0	267.0	2485.0	13428.0	43610.0	97973.0	175470.0	266618.0	367009.0	475858.0	607290.0	783163.0	1061248.0	1605310.0	3234353.0	11856558.0
	21.0	22.0	23.0	24.0	25.0	26.0	27.0	28.0	29.0	30.0	31.0	32.0	33.0	34.0	35.0	36.0	37.0
Acute_Fatal_76_2	7.0	357.0	3791.0	17272.0	49786.0	103640.0	172704.0	248770.0	325076.0	401055.0	482835.0	581480.0	718881.0	933561.0	1346689.0	2536838.0	12667909.0
	22.0	23.0	24.0	25.0	26.0	27.0	28.0	29.0	30.0	31.0	32.0	33.0	34.0	35.0	36.0	37.0
Acute_Fatal_86_1	15.0	509.0	4843.0	23735.0	73435.0	160230.0	282467.0	428591.0	591096.0	781592.0	1018142.0	1346409.0	1862782.0	2876168.0	5849480.0	26062192.0
	21.0	22.0	23.0	24.0	25.0	26.0	27.0	28.0	29.0	30.0	31.0	32.0	33.0	34.0	35.0	36.0	37.0
Acute_Fatal_86_2	18.0	1285.0	12525.0	53324.0	140601.0	269713.0	418532.0	568869.0	711970.0	848043.0	996578.0	1179006.0	1440630.0	1865593.0	2714711.0	5216014.0	24924274.0
	22.0	23.0	24.0	25.0	26.0	27.0	28.0	29.0	30.0	31.0	32.0	33.0	34.0	35.0	36.0	37.0
Acute_Fatal_87_1	13.0	199.0	1738.0	8276.0	25600.0	56448.0	98724.0	148912.0	203398.0	267491.0	344064.0	447551.0	612606.0	923240.0	1818928.0	9596663.0
	21.0	22.0	23.0	24.0	25.0	26.0	27.0	28.0	29.0	30.0	31.0	32.0	33.0	34.0	35.0	36.0	37.0
Acute_Fatal_87_2	8.0	404.0	3913.0	16116.0	41504.0	79983.0	125730.0	175715.0	225400.0	277456.0	335143.0	412710.0	525712.0	708712.0	994265.0	1737587.0	8893493.0
	22.0	23.0	24.0	25.0	26.0	27.0	28.0	29.0	30.0	31.0	32.0	33.0	34.0	35.0	36.0	37.0
Acute_Fatal_92_1	4.0	173.0	1710.0	9220.0	29910.0	67694.0	123209.0	190192.0	265931.0	355734.0	468461.0	626308.0	880490.0	1392862.0	3019644.0	19502322.0
	21.0	22.0	23.0	24.0	25.0	26.0	27.0	28.0	29.0	30.0	31.0	32.0	33.0	34.0	35.0	36.0	37.0
Acute_Fatal_92_2	8.0	496.0	5095.0	22737.0	60429.0	117788.0	185572.0	256533.0	324328.0	391854.0	466809.0	560806.0	694271.0	916871.0	1378314.0	2966074.0	18585879.0
	22.0	23.0	24.0	25.0	26.0	27.0	28.0	29.0	30.0	31.0	32.0	33.0	34.0	35.0	36.0	37.0
Acute_Fatal_93_1	6.0	158.0	1600.0	8345.0	27222.0	62483.0	112978.0	175650.0	246799.0	332498.0	438909.0	589712.0	832767.0	1324846.0	2848592.0	17735288.0
	21.0	22.0	23.0	24.0	25.0	26.0	27.0	28.0	29.0	30.0	31.0	32.0	33.0	34.0	35.0	36.0	37.0
Acute_Fatal_93_2	6.0	442.0	4938.0	21691.0	57428.0	112688.0	175521.0	239625.0	301659.0	362325.0	428504.0	515794.0	638700.0	847847.0	1283349.0	2773167.0	16974169.0
	22.0	23.0	24.0	25.0	26.0	27.0	28.0	29.0	30.0	31.0	32.0	33.0	34.0	35.0	36.0	37.0
Acute_Fatal_96_1	6.0	155.0	1794.0	9416.0	31012.0	71922.0	130310.0	203230.0	287372.0	388466.0	513671.0	688805.0	967511.0	1519894.0	3237893.0	27923364.0
	21.0	22.0	23.0	24.0	25.0	26.0	27.0	28.0	29.0	30.0	31.0	32.0	33.0	34.0	35.0	36.0	37.0
Acute_Fatal_96_2	6.0	528.0	5674.0	24939.0	67972.0	131516.0	205326.0	279012.0	352035.0	424815.0	508019.0	614613.0	768255.0	1018146.0	1526097.0	3291492.0	26756376.0
	22.0	23.0	24.0	25.0	26.0	27.0	28.0	29.0	30.0	31.0	32.0	33.0	34.0	35.0	36.0	37.0
Acute_Fatal_97_1	6.0	139.0	1536.0	7991.0	25157.0	56001.0	100496.0	153675.0	216446.0	289747.0	380759.0	504500.0	702111.0	1084427.0	2212954.0	12624620.0
	21.0	22.0	23.0	24.0	25.0	26.0	27.0	28.0	29.0	30.0	31.0	32.0	33.0	34.0	35.0	36.0	37.0
Acute_Fatal_97_2	3.0	328.0	3383.0	14970.0	40786.0	81259.0	132178.0	186170.0	242806.0	299605.0	363595.0	440738.0	549870.0	720594.0	1047764.0	2006262.0	12230254.0
	22.0	23.0	24.0	25.0	26.0	27.0	28.0	29.0	30.0	31.0	32.0	33.0	34.0	35.0	36.0	37.0
Acute_Fatal_99_1	10.0	259.0	2682.0	13425.0	41428.0	91061.0	157889.0	235565.0	323087.0	420707.0	535316.0	683816.0	901355.0	1285746.0	2287918.0	7634350.0
	21.0	22.0	23.0	24.0	25.0	26.0	27.0	28.0	29.0	30.0	31.0	32.0	33.0	34.0	35.0	36.0	37.0
Acute_Fatal_99_2	11.0	298.0	3430.0	14899.0	42516.0	87889.0	146348.0	212958.0	285085.0	362463.0	447468.0	549695.0	685581.0	880697.0	1219866.0	2075519.0	7599891.0
	22.0	23.0	24.0	25.0	26.0	27.0	28.0	29.0	30.0	31.0	32.0	33.0	34.0	35.0	36.0	37.0
Acute_Fatal_9_1	12.0	310.0	2785.0	14004.0	42626.0	94455.0	169056.0	255316.0	354544.0	469973.0	610549.0	808625.0	1128066.0	1776184.0	3833184.0	21047969.0
	21.0	22.0	23.0	24.0	25.0	26.0	27.0	28.0	29.0	30.0	31.0	32.0	33.0	34.0	35.0	36.0	37.0
Acute_Fatal_9_2	5.0	536.0	5178.0	23010.0	61615.0	121422.0	192858.0	268992.0	342924.0	420317.0	505148.0	612579.0	763343.0	1012989.0	1508586.0	3005725.0	21762431.0
	22.0	23.0	24.0	25.0	26.0	27.0	28.0	29.0	30.0	31.0	32.0	33.0	34.0	35.0	36.0	37.0
Acute_Survivor_10_1	5.0	271.0	2866.0	14612.0	46979.0	105925.0	187609.0	283942.0	394056.0	519639.0	680134.0	897101.0	1245986.0	1928408.0	4049622.0	25244507.0
	21.0	22.0	23.0	24.0	25.0	26.0	27.0	28.0	29.0	30.0	31.0	32.0	33.0	34.0	35.0	36.0	37.0
Acute_Survivor_10_2	15.0	673.0	6538.0	28727.0	77311.0	151172.0	239703.0	332470.0	420696.0	511995.0	614638.0	743021.0	922825.0	1215378.0	1790183.0	3520357.0	25025960.0
	22.0	23.0	24.0	25.0	26.0	27.0	28.0	29.0	30.0	31.0	32.0	33.0	34.0	35.0	36.0	37.0
Acute_Survivor_11_1	10.0	254.0	2696.0	14320.0	44485.0	100008.0	181786.0	281034.0	397601.0	537258.0	716820.0	968306.0	1372356.0	2185802.0	4691937.0	28888604.0
	21.0	22.0	23.0	24.0	25.0	26.0	27.0	28.0	29.0	30.0	31.0	32.0	33.0	34.0	35.0	36.0	37.0
Acute_Survivor_11_2	14.0	657.0	6828.0	30721.0	83896.0	166695.0	268013.0	374724.0	482288.0	592345.0	715553.0	869355.0	1089637.0	1452201.0	2163981.0	4350532.0	27735837.0
	22.0	23.0	24.0	25.0	26.0	27.0	28.0	29.0	30.0	31.0	32.0	33.0	34.0	35.0	36.0	37.0
Acute_Survivor_12_1	9.0	147.0	1552.0	7423.0	20794.0	43222.0	74764.0	112791.0	155603.0	204818.0	266073.0	347983.0	475265.0	715964.0	1405981.0	6466029.0
	21.0	22.0	23.0	24.0	25.0	26.0	27.0	28.0	29.0	30.0	31.0	32.0	33.0	34.0	35.0	36.0	37.0
Acute_Survivor_12_2	6.0	418.0	3755.0	15445.0	39947.0	75266.0	116166.0	157750.0	195227.0	230649.0	270572.0	316866.0	383077.0	488967.0	692447.0	1265452.0	6046408.0
	22.0	23.0	24.0	25.0	26.0	27.0	28.0	29.0	30.0	31.0	32.0	33.0	34.0	35.0	36.0	37.0
Acute_Survivor_13_1	12.0	502.0	4706.0	20941.0	54360.0	104982.0	170764.0	250801.0	345521.0	453142.0	589687.0	770791.0	1055606.0	1592786.0	3119574.0	13916421.0
	21.0	22.0	23.0	24.0	25.0	26.0	27.0	28.0	29.0	30.0	31.0	32.0	33.0	34.0	35.0	36.0	37.0
Acute_Survivor_13_2	22.0	974.0	9399.0	38080.0	96234.0	179100.0	272115.0	363188.0	446470.0	526722.0	611218.0	715654.0	858843.0	1094824.0	1551840.0	2852891.0	12833022.0
	22.0	23.0	24.0	25.0	26.0	27.0	28.0	29.0	30.0	31.0	32.0	33.0	34.0	35.0	36.0	37.0
Acute_Survivor_14_1	8.0	238.0	2738.0	14381.0	45675.0	102931.0	185710.0	288616.0	405978.0	543604.0	718997.0	968189.0	1368889.0	2178715.0	4763189.0	34985514.0
	21.0	22.0	23.0	24.0	25.0	26.0	27.0	28.0	29.0	30.0	31.0	32.0	33.0	34.0	35.0	36.0	37.0
Acute_Survivor_14_2	9.0	558.0	5806.0	26061.0	71743.0	144471.0	234063.0	336060.0	442272.0	559023.0	704399.0	909411.0	1220728.0	1678377.0	2322513.0	4263319.0	33654559.0
	22.0	23.0	24.0	25.0	26.0	27.0	28.0	29.0	30.0	31.0	32.0	33.0	34.0	35.0	36.0	37.0
Acute_Survivor_15_1	7.0	314.0	2875.0	15265.0	48115.0	107394.0	192587.0	297626.0	421089.0	566210.0	750784.0	1013461.0	1434442.0	2285914.0	5015581.0	38300570.0
	21.0	22.0	23.0	24.0	25.0	26.0	27.0	28.0	29.0	30.0	31.0	32.0	33.0	34.0	35.0	36.0	37.0
Acute_Survivor_15_2	4.0	385.0	4019.0	18872.0	55036.0	116192.0	199485.0	295367.0	401841.0	522060.0	663884.0	854532.0	1140048.0	1576115.0	2263631.0	4315655.0	38025108.0
	22.0	23.0	24.0	25.0	26.0	27.0	28.0	29.0	30.0	31.0	32.0	33.0	34.0	35.0	36.0	37.0
Acute_Survivor_16_1	10.0	272.0	3002.0	15337.0	47029.0	102724.0	181637.0	278386.0	390623.0	520085.0	687845.0	924648.0	1313095.0	2096613.0	4579260.0	30443051.0
	21.0	22.0	23.0	24.0	25.0	26.0	27.0	28.0	29.0	30.0	31.0	32.0	33.0	34.0	35.0	36.0	37.0
Acute_Survivor_16_2	11.0	542.0	5437.0	24241.0	66595.0	133887.0	217616.0	309164.0	405611.0	509700.0	636300.0	809414.0	1069831.0	1471552.0	2108562.0	4009853.0	29805301.0
	21.0	22.0	23.0	24.0	25.0	26.0	27.0	28.0	29.0	30.0	31.0	32.0	33.0	34.0	35.0	36.0	37.0
Acute_Survivor_17_1	1.0	24.0	271.0	2512.0	12176.0	35472.0	77748.0	134753.0	203891.0	284595.0	376658.0	492786.0	650584.0	902332.0	1414078.0	2971934.0	14566050.0
	21.0	22.0	23.0	24.0	25.0	26.0	27.0	28.0	29.0	30.0	31.0	32.0	33.0	34.0	35.0	36.0	37.0
Acute_Survivor_17_2	10.0	592.0	5387.0	22270.0	57550.0	109744.0	170713.0	234395.0	295400.0	357856.0	427836.0	513811.0	638811.0	846486.0	1259564.0	2488256.0	14697184.0
	22.0	23.0	24.0	25.0	26.0	27.0	28.0	29.0	30.0	31.0	32.0	33.0	34.0	35.0	36.0	37.0
Acute_Survivor_18_1	13.0	493.0	4672.0	24307.0	75945.0	168955.0	300064.0	456031.0	630244.0	827402.0	1070299.0	1415111.0	1967527.0	3064141.0	6268531.0	21797435.0
	21.0	22.0	23.0	24.0	25.0	26.0	27.0	28.0	29.0	30.0	31.0	32.0	33.0	34.0	35.0	36.0	37.0
Acute_Survivor_18_2	8.0	947.0	9390.0	40880.0	109226.0	213944.0	339723.0	469304.0	594401.0	720586.0	856092.0	1022459.0	1258232.0	1639091.0	2386352.0	4552851.0	23857684.0
	22.0	23.0	24.0	25.0	26.0	27.0	28.0	29.0	30.0	31.0	32.0	33.0	34.0	35.0	36.0	37.0
Acute_Survivor_19_1	3.0	137.0	1129.0	5665.0	17190.0	37810.0	65586.0	98480.0	134566.0	174643.0	223882.0	288091.0	388334.0	575781.0	1106535.0	3770416.0
	21.0	22.0	23.0	24.0	25.0	26.0	27.0	28.0	29.0	30.0	31.0	32.0	33.0	34.0	35.0	36.0	37.0
Acute_Survivor_19_2	3.0	254.0	2619.0	11435.0	31410.0	61441.0	95828.0	129876.0	160846.0	190325.0	220976.0	256325.0	305937.0	385640.0	538645.0	967557.0	3529131.0
	22.0	23.0	24.0	25.0	26.0	27.0	28.0	29.0	30.0	31.0	32.0	33.0	34.0	35.0	36.0	37.0
Acute_Survivor_1_1	3.0	227.0	2206.0	11228.0	34336.0	74581.0	130302.0	196750.0	272455.0	361477.0	470338.0	627008.0	869296.0	1347195.0	2803253.0	16792448.0
	21.0	22.0	23.0	24.0	25.0	26.0	27.0	28.0	29.0	30.0	31.0	32.0	33.0	34.0	35.0	36.0	37.0
Acute_Survivor_1_2	15.0	610.0	6232.0	26074.0	67479.0	127289.0	196597.0	263353.0	327444.0	390329.0	458965.0	546036.0	670083.0	877035.0	1285746.0	2514789.0	16235027.0
	22.0	23.0	24.0	25.0	26.0	27.0	28.0	29.0	30.0	31.0	32.0	33.0	34.0	35.0	36.0	37.0
Acute_Survivor_20_1	12.0	265.0	2382.0	11868.0	36729.0	78305.0	135783.0	201987.0	273537.0	354144.0	451554.0	581743.0	781989.0	1164514.0	2237059.0	7508726.0
	21.0	22.0	23.0	24.0	25.0	26.0	27.0	28.0	29.0	30.0	31.0	32.0	33.0	34.0	35.0	36.0	37.0
Acute_Survivor_20_2	7.0	391.0	4481.0	19980.0	54351.0	107023.0	169550.0	233809.0	295798.0	353583.0	413864.0	488231.0	590809.0	752331.0	1056240.0	1915622.0	7364527.0
	22.0	23.0	24.0	25.0	26.0	27.0	28.0	29.0	30.0	31.0	32.0	33.0	34.0	35.0	36.0	37.0
Acute_Survivor_21_1	5.0	232.0	2276.0	12114.0	38739.0	87792.0	156466.0	237986.0	329606.0	431641.0	558282.0	729823.0	1003200.0	1534866.0	3120474.0	14368037.0
	21.0	22.0	23.0	24.0	25.0	26.0	27.0	28.0	29.0	30.0	31.0	32.0	33.0	34.0	35.0	36.0	37.0
Acute_Survivor_21_2	9.0	518.0	5298.0	24477.0	67392.0	133960.0	213020.0	293331.0	370881.0	446425.0	526197.0	625568.0	762895.0	989896.0	1423379.0	2706605.0	14021688.0
	22.0	23.0	24.0	25.0	26.0	27.0	28.0	29.0	30.0	31.0	32.0	33.0	34.0	35.0	36.0	37.0
Acute_Survivor_22_1	9.0	202.0	1946.0	10325.0	31910.0	70904.0	124331.0	187124.0	259491.0	340408.0	440839.0	580652.0	799772.0	1228763.0	2506144.0	12221348.0
	21.0	22.0	23.0	24.0	25.0	26.0	27.0	28.0	29.0	30.0	31.0	32.0	33.0	34.0	35.0	36.0	37.0
Acute_Survivor_22_2	11.0	373.0	4082.0	17898.0	49102.0	98090.0	158004.0	220083.0	279582.0	340771.0	405857.0	487244.0	599984.0	783421.0	1136009.0	2163879.0	12059778.0
	23.0	24.0	25.0	26.0	27.0	28.0	29.0	30.0	31.0	32.0	33.0	34.0	35.0	36.0	37.0
Acute_Survivor_23_1	4.0	79.0	315.0	949.0	2092.0	3969.0	5801.0	8081.0	10473.0	13352.0	17756.0	24022.0	36743.0	73755.0	388595.0
	22.0	23.0	24.0	25.0	26.0	27.0	28.0	29.0	30.0	31.0	32.0	33.0	34.0	35.0	36.0	37.0
Acute_Survivor_23_2	13.0	172.0	760.0	2033.0	3885.0	5985.0	7939.0	9982.0	11850.0	14355.0	17301.0	22110.0	28094.0	39391.0	72282.0	349834.0
	22.0	23.0	24.0	25.0	26.0	27.0	28.0	29.0	30.0	31.0	32.0	33.0	34.0	35.0	36.0	37.0
Acute_Survivor_24_1	13.0	299.0	3295.0	17505.0	58429.0	136516.0	249582.0	392350.0	559335.0	753893.0	998058.0	1338035.0	1889377.0	2985676.0	6036862.0	16472553.0
	21.0	22.0	23.0	24.0	25.0	26.0	27.0	28.0	29.0	30.0	31.0	32.0	33.0	34.0	35.0	36.0	37.0
Acute_Survivor_24_2	19.0	1014.0	9958.0	43348.0	116039.0	226458.0	352960.0	480613.0	596710.0	708613.0	825246.0	972631.0	1179624.0	1521152.0	2198871.0	4137529.0	18520993.0
	22.0	23.0	24.0	25.0	26.0	27.0	28.0	29.0	30.0	31.0	32.0	33.0	34.0	35.0	36.0	37.0
Acute_Survivor_25_1	5.0	77.0	614.0	2933.0	9018.0	19661.0	34455.0	51551.0	70234.0	92153.0	118323.0	154344.0	210361.0	320034.0	634939.0	3106837.0
	21.0	22.0	23.0	24.0	25.0	26.0	27.0	28.0	29.0	30.0	31.0	32.0	33.0	34.0	35.0	36.0	37.0
Acute_Survivor_25_2	2.0	159.0	1596.0	6634.0	17102.0	32173.0	49653.0	68292.0	85891.0	103158.0	124230.0	149613.0	189008.0	251437.0	353437.0	607915.0	2785239.0
	22.0	23.0	24.0	25.0	26.0	27.0	28.0	29.0	30.0	31.0	32.0	33.0	34.0	35.0	36.0	37.0
Acute_Survivor_26_1	2.0	35.0	308.0	1635.0	5412.0	12523.0	22283.0	34317.0	47429.0	62733.0	82670.0	109465.0	149020.0	227810.0	464783.0	2831839.0
	21.0	22.0	23.0	24.0	25.0	26.0	27.0	28.0	29.0	30.0	31.0	32.0	33.0	34.0	35.0	36.0	37.0
Acute_Survivor_26_2	2.0	109.0	1042.0	4851.0	13085.0	25478.0	39558.0	54185.0	67327.0	81396.0	96718.0	118860.0	152984.0	193433.0	273418.0	509393.0	2420425.0
	22.0	23.0	24.0	25.0	26.0	27.0	28.0	29.0	30.0	31.0	32.0	33.0	34.0	35.0	36.0	37.0
Acute_Survivor_27_1	15.0	233.0	1986.0	9682.0	30438.0	68158.0	122803.0	189332.0	269206.0	365210.0	484842.0	648505.0	899541.0	1377193.0	2752305.0	16097656.0
	21.0	22.0	23.0	24.0	25.0	26.0	27.0	28.0	29.0	30.0	31.0	32.0	33.0	34.0	35.0	36.0	37.0
Acute_Survivor_27_2	7.0	502.0	5110.0	20902.0	55454.0	107635.0	170376.0	238289.0	309516.0	383700.0	467996.0	569400.0	711338.0	931567.0	1358779.0	2589924.0	15396610.0
	21.0	22.0	23.0	24.0	25.0	26.0	27.0	28.0	29.0	30.0	31.0	32.0	33.0	34.0	35.0	36.0	37.0
Acute_Survivor_28_1	1.0	101.0	1551.0	12504.0	59599.0	184398.0	413653.0	731576.0	1108915.0	1529553.0	2006981.0	2593283.0	3401444.0	4705568.0	7314999.0	15271349.0	87762853.0
	21.0	22.0	23.0	24.0	25.0	26.0	27.0	28.0	29.0	30.0	31.0	32.0	33.0	34.0	35.0	36.0	37.0
Acute_Survivor_28_2	53.0	2823.0	27813.0	117898.0	307151.0	592857.0	938304.0	1307319.0	1685360.0	2090147.0	2573095.0	3233717.0	4306013.0	6080909.0	8418407.0	14114654.0	81301808.0
	22.0	23.0	24.0	25.0	26.0	27.0	28.0	29.0	30.0	31.0	32.0	33.0	34.0	35.0	36.0	37.0
Acute_Survivor_29_1	5.0	81.0	732.0	3988.0	12344.0	28382.0	51270.0	78846.0	111410.0	149453.0	195529.0	261182.0	369930.0	587958.0	1259031.0	6849516.0
	21.0	22.0	23.0	24.0	25.0	26.0	27.0	28.0	29.0	30.0	31.0	32.0	33.0	34.0	35.0	36.0	37.0
Acute_Survivor_29_2	1.0	168.0	1951.0	8579.0	23056.0	45824.0	73029.0	100356.0	126941.0	153219.0	181953.0	220758.0	274724.0	367552.0	560165.0	1219978.0	6601403.0
	22.0	23.0	24.0	25.0	26.0	27.0	28.0	29.0	30.0	31.0	32.0	33.0	34.0	35.0	36.0	37.0
Acute_Survivor_2_1	14.0	228.0	2425.0	12701.0	40843.0	94620.0	172385.0	270153.0	382032.0	511429.0	673740.0	897783.0	1255064.0	1945261.0	3998480.0	15936218.0
	21.0	22.0	23.0	24.0	25.0	26.0	27.0	28.0	29.0	30.0	31.0	32.0	33.0	34.0	35.0	36.0	37.0
Acute_Survivor_2_2	18.0	969.0	9765.0	42331.0	108773.0	201502.0	305984.0	405972.0	494294.0	577519.0	666510.0	775444.0	930118.0	1185670.0	1687117.0	3131543.0	15669847.0
	22.0	23.0	24.0	25.0	26.0	27.0	28.0	29.0	30.0	31.0	32.0	33.0	34.0	35.0	36.0	37.0
Acute_Survivor_30_1	13.0	210.0	2259.0	11534.0	36531.0	82227.0	146072.0	222104.0	307526.0	404882.0	530528.0	704650.0	992610.0	1580278.0	3431950.0	20017815.0
	21.0	22.0	23.0	24.0	25.0	26.0	27.0	28.0	29.0	30.0	31.0	32.0	33.0	34.0	35.0	36.0	37.0
Acute_Survivor_30_2	5.0	427.0	4657.0	20140.0	55382.0	110792.0	179225.0	251872.0	324092.0	396504.0	478240.0	580156.0	727912.0	975983.0	1491994.0	3255527.0	19618281.0
	22.0	23.0	24.0	25.0	26.0	27.0	28.0	29.0	30.0	31.0	32.0	33.0	34.0	35.0	36.0	37.0
Acute_Survivor_31_1	22.0	647.0	6156.0	32612.0	106398.0	244326.0	442826.0	682835.0	946535.0	1238646.0	1584548.0	2042587.0	2754890.0	4176164.0	7765350.0	25137594.0
	21.0	22.0	23.0	24.0	25.0	26.0	27.0	28.0	29.0	30.0	31.0	32.0	33.0	34.0	35.0	36.0	37.0
Acute_Survivor_31_2	33.0	1830.0	19677.0	88026.0	237286.0	459463.0	714681.0	964503.0	1185476.0	1394780.0	1609599.0	1875710.0	2276681.0	2894434.0	4034268.0	6921827.0	22483862.0
	23.0	24.0	25.0	26.0	27.0	28.0	29.0	30.0	31.0	32.0	33.0	34.0	35.0	36.0	37.0	38.0
Acute_Survivor_32_1	33.0	357.0	1684.0	5234.0	10903.0	18350.0	27092.0	36758.0	46961.0	58592.0	73904.0	94478.0	123308.0	177598.0	295136.0	99224.0
	21.0	22.0	23.0	24.0	25.0	26.0	27.0	28.0	29.0	30.0	31.0	32.0	33.0	34.0	35.0	36.0	37.0	38.0
Acute_Survivor_32_2	4.0	255.0	1326.0	4183.0	8494.0	14952.0	22223.0	30174.0	39265.0	48560.0	58409.0	69687.0	84331.0	104046.0	133424.0	177947.0	234844.0	37488.0
	22.0	23.0	24.0	25.0	26.0	27.0	28.0	29.0	30.0	31.0	32.0	33.0	34.0	35.0	36.0	37.0
Acute_Survivor_33_1	3.0	79.0	880.0	4438.0	15096.0	35762.0	66896.0	107723.0	157444.0	215869.0	286390.0	374434.0	503562.0	727058.0	1307043.0	4533182.0
	22.0	23.0	24.0	25.0	26.0	27.0	28.0	29.0	30.0	31.0	32.0	33.0	34.0	35.0	36.0	37.0
Acute_Survivor_33_2	128.0	1296.0	5665.0	16599.0	36615.0	66118.0	104076.0	149364.0	199364.0	256627.0	321746.0	403830.0	522370.0	721180.0	1237913.0	4292968.0
	22.0	23.0	24.0	25.0	26.0	27.0	28.0	29.0	30.0	31.0	32.0	33.0	34.0	35.0	36.0	37.0
Acute_Survivor_34_1	1.0	27.0	192.0	1198.0	3740.0	8499.0	15503.0	24460.0	34251.0	46335.0	60455.0	78550.0	103636.0	147658.0	264304.0	910401.0
	22.0	23.0	24.0	25.0	26.0	27.0	28.0	29.0	30.0	31.0	32.0	33.0	34.0	35.0	36.0	37.0
Acute_Survivor_34_2	24.0	295.0	1253.0	3634.0	8150.0	14537.0	22191.0	31046.0	40930.0	51603.0	64177.0	80215.0	103623.0	142838.0	246023.0	888671.0
	22.0	23.0	24.0	25.0	26.0	27.0	28.0	29.0	30.0	31.0	32.0	33.0	34.0	35.0	36.0	37.0
Acute_Survivor_35_1	1.0	12.0	215.0	1041.0	3140.0	6827.0	11896.0	17860.0	24533.0	32117.0	41363.0	53651.0	70888.0	101426.0	182959.0	661694.0
	21.0	22.0	23.0	24.0	25.0	26.0	27.0	28.0	29.0	30.0	31.0	32.0	33.0	34.0	35.0	36.0	37.0
Acute_Survivor_35_2	1.0	32.0	329.0	1537.0	4215.0	8286.0	13178.0	19370.0	24709.0	30933.0	37772.0	46261.0	56862.0	72926.0	100535.0	171844.0	620833.0
	21.0	22.0	23.0	24.0	25.0	26.0	27.0	28.0	29.0	30.0	31.0	32.0	33.0	34.0	35.0	36.0	37.0	38.0	39.0	40.0
Acute_Survivor_36_1	1.0	19.0	94.0	709.0	3651.0	15353.0	42523.0	86538.0	141473.0	196862.0	247635.0	295958.0	342435.0	393112.0	461726.0	559015.0	722502.0	1054559.0	2061114.0	11573105.0
	20.0	21.0	22.0	23.0	24.0	25.0	26.0	27.0	28.0	29.0	30.0	31.0	32.0	33.0	34.0	35.0	36.0	37.0	38.0	39.0	40.0
Acute_Survivor_36_2	3.0	132.0	1451.0	7439.0	23761.0	52693.0	92429.0	137540.0	183099.0	224994.0	269599.0	315641.0	369040.0	432342.0	510374.0	613235.0	757026.0	988732.0	1440059.0	2684270.0	9094525.0
	21.0	22.0	23.0	24.0	25.0	26.0	27.0	28.0	29.0	30.0	31.0	32.0	33.0	34.0	35.0	36.0	37.0	38.0	39.0	40.0
Acute_Survivor_37_1	1.0	15.0	160.0	1564.0	9432.0	37545.0	102593.0	207040.0	338714.0	479288.0	620839.0	764544.0	915622.0	1089989.0	1309547.0	1617107.0	2107449.0	3067698.0	5971957.0	41275050.0
	21.0	22.0	23.0	24.0	25.0	26.0	27.0	28.0	29.0	30.0	31.0	32.0	33.0	34.0	35.0	36.0	37.0	38.0	39.0	40.0
Acute_Survivor_37_2	27.0	1434.0	15934.0	69942.0	179065.0	331441.0	500114.0	664912.0	822269.0	975205.0	1142798.0	1329524.0	1556203.0	1839309.0	2203794.0	2713908.0	3526669.0	5090299.0	9203674.0	27749633.0
	22.0	23.0	24.0	25.0	26.0	27.0	28.0	29.0	30.0	31.0	32.0	33.0	34.0	35.0	36.0	37.0	38.0	39.0	40.0
Acute_Survivor_38_1	2.0	78.0	710.0	4476.0	18985.0	53402.0	108975.0	178135.0	252056.0	325522.0	401221.0	478366.0	567141.0	680628.0	838383.0	1089704.0	1586380.0	3077529.0	21421266.0
	21.0	22.0	23.0	24.0	25.0	26.0	27.0	28.0	29.0	30.0	31.0	32.0	33.0	34.0	35.0	36.0	37.0	38.0	39.0	40.0
Acute_Survivor_38_2	7.0	813.0	8670.0	38141.0	97376.0	179062.0	268205.0	355587.0	436344.0	516688.0	599555.0	693304.0	805029.0	944137.0	1125315.0	1381010.0	1798213.0	2600544.0	4727411.0	14507548.0
	22.0	23.0	24.0	25.0	26.0	27.0	28.0	29.0	30.0	31.0	32.0	33.0	34.0	35.0	36.0	37.0	38.0	39.0	40.0
Acute_Survivor_39_1	5.0	144.0	1378.0	7735.0	30986.0	83888.0	167961.0	272790.0	384563.0	494496.0	605506.0	721019.0	853891.0	1021643.0	1255887.0	1632019.0	2370388.0	4589757.0	31670247.0
	21.0	22.0	23.0	24.0	25.0	26.0	27.0	28.0	29.0	30.0	31.0	32.0	33.0	34.0	35.0	36.0	37.0	38.0	39.0	40.0
Acute_Survivor_39_2	15.0	1187.0	12427.0	53653.0	136601.0	252055.0	378284.0	502025.0	618679.0	733665.0	857859.0	994087.0	1164506.0	1372482.0	1639861.0	2010968.0	2601565.0	3735226.0	6799219.0	22299939.0
	22.0	23.0	24.0	25.0	26.0	27.0	28.0	29.0	30.0	31.0	32.0	33.0	34.0	35.0	36.0	37.0	38.0
Acute_Survivor_3_1	2.0	28.0	304.0	1551.0	4566.0	9376.0	15264.0	22511.0	29130.0	36571.0	45196.0	56767.0	71404.0	93391.0	135746.0	223107.0	92736.0
	21.0	22.0	23.0	24.0	25.0	26.0	27.0	28.0	29.0	30.0	31.0	32.0	33.0	34.0	35.0	36.0	37.0	38.0
Acute_Survivor_3_2	5.0	291.0	1812.0	4886.0	9770.0	15379.0	21524.0	27420.0	33797.0	40473.0	47613.0	55272.0	65352.0	79520.0	100281.0	131429.0	173768.0	29058.0
	22.0	23.0	24.0	25.0	26.0	27.0	28.0	29.0	30.0	31.0	32.0	33.0	34.0	35.0	36.0	37.0	38.0	39.0	40.0
Acute_Survivor_40_1	3.0	105.0	1048.0	6667.0	28436.0	79489.0	163537.0	268137.0	382919.0	498449.0	614046.0	735306.0	875180.0	1049901.0	1292523.0	1679219.0	2434278.0	4705918.0	32686182.0
	21.0	22.0	23.0	24.0	25.0	26.0	27.0	28.0	29.0	30.0	31.0	32.0	33.0	34.0	35.0	36.0	37.0	38.0	39.0	40.0
Acute_Survivor_40_2	13.0	1053.0	11631.0	50728.0	131166.0	244257.0	371918.0	498086.0	620627.0	744104.0	871317.0	1020280.0	1194788.0	1415010.0	1700277.0	2095035.0	2734052.0	3959324.0	7202085.0	22635592.0
	22.0	23.0	24.0	25.0	26.0	27.0	28.0	29.0	30.0	31.0	32.0	33.0	34.0	35.0	36.0	37.0	38.0	39.0	40.0
Acute_Survivor_41_1	8.0	162.0	1228.0	7166.0	28072.0	75313.0	153203.0	249078.0	352612.0	455367.0	559462.0	669096.0	796487.0	955455.0	1175098.0	1533616.0	2228973.0	4316558.0	29718266.0
	21.0	22.0	23.0	24.0	25.0	26.0	27.0	28.0	29.0	30.0	31.0	32.0	33.0	34.0	35.0	36.0	37.0	38.0	39.0	40.0
Acute_Survivor_41_2	15.0	1043.0	11802.0	51541.0	131861.0	244066.0	367318.0	487993.0	599877.0	710842.0	830033.0	964583.0	1122233.0	1324242.0	1587366.0	1947174.0	2526114.0	3635871.0	6552966.0	20178280.0
	22.0	23.0	24.0	25.0	26.0	27.0	28.0	29.0	30.0	31.0	32.0	33.0	34.0	35.0	36.0	37.0	38.0	39.0	40.0
Acute_Survivor_42_1	3.0	59.0	685.0	4201.0	17497.0	48531.0	99626.0	164546.0	233006.0	300578.0	370908.0	443216.0	525590.0	633136.0	780903.0	1018947.0	1481614.0	2879668.0	19718572.0
	21.0	22.0	23.0	24.0	25.0	26.0	27.0	28.0	29.0	30.0	31.0	32.0	33.0	34.0	35.0	36.0	37.0	38.0	39.0	40.0
Acute_Survivor_42_2	10.0	701.0	6914.0	31500.0	81782.0	151487.0	230945.0	307840.0	382632.0	454869.0	533423.0	622029.0	728440.0	861428.0	1037252.0	1276623.0	1655804.0	2390645.0	4332811.0	13634151.0
	22.0	23.0	24.0	25.0	26.0	27.0	28.0	29.0	30.0	31.0	32.0	33.0	34.0	35.0	36.0	37.0	38.0	39.0	40.0
Acute_Survivor_43_1	12.0	139.0	1069.0	6461.0	26417.0	72921.0	147843.0	242329.0	343436.0	446287.0	548056.0	658611.0	780942.0	936821.0	1158567.0	1508107.0	2192811.0	4262520.0	29634453.0
	21.0	22.0	23.0	24.0	25.0	26.0	27.0	28.0	29.0	30.0	31.0	32.0	33.0	34.0	35.0	36.0	37.0	38.0	39.0	40.0
Acute_Survivor_43_2	18.0	1204.0	12824.0	54598.0	137669.0	250784.0	374842.0	493027.0	606961.0	716498.0	832924.0	963381.0	1117599.0	1311253.0	1561904.0	1915456.0	2483047.0	3572978.0	6457282.0	20103553.0
	22.0	23.0	24.0	25.0	26.0	27.0	28.0	29.0	30.0	31.0	32.0	33.0	34.0	35.0	36.0	37.0	38.0	39.0	40.0
Acute_Survivor_44_1	4.0	92.0	914.0	5587.0	22623.0	63190.0	129078.0	210840.0	296205.0	382304.0	465980.0	553029.0	651955.0	775825.0	949305.0	1223407.0	1758063.0	3368134.0	23235065.0
	21.0	22.0	23.0	24.0	25.0	26.0	27.0	28.0	29.0	30.0	31.0	32.0	33.0	34.0	35.0	36.0	37.0	38.0	39.0	40.0
Acute_Survivor_44_2	10.0	617.0	6958.0	31946.0	83102.0	158316.0	241679.0	327012.0	412390.0	496815.0	587214.0	689151.0	813873.0	969458.0	1173082.0	1453150.0	1895066.0	2746458.0	5065254.0	16940049.0
	22.0	23.0	24.0	25.0	26.0	27.0	28.0	29.0	30.0	31.0	32.0	33.0	34.0	35.0	36.0	37.0	38.0	39.0	40.0
Acute_Survivor_45_1	6.0	168.0	1572.0	9695.0	39391.0	108566.0	219492.0	357788.0	503422.0	650445.0	796979.0	952111.0	1132518.0	1357860.0	1677388.0	2185418.0	3182758.0	6188640.0	41285598.0
	21.0	22.0	23.0	24.0	25.0	26.0	27.0	28.0	29.0	30.0	31.0	32.0	33.0	34.0	35.0	36.0	37.0	38.0	39.0	40.0
Acute_Survivor_45_2	25.0	1492.0	16469.0	71533.0	182317.0	338979.0	509676.0	678026.0	838939.0	998228.0	1166516.0	1363626.0	1594627.0	1887197.0	2263802.0	2779018.0	3610300.0	5189100.0	9333163.0	27826782.0
	22.0	23.0	24.0	25.0	26.0	27.0	28.0	29.0	30.0	31.0	32.0	33.0	34.0	35.0	36.0	37.0
Acute_Survivor_4_1	4.0	95.0	1028.0	5267.0	15946.0	34743.0	61220.0	93946.0	131334.0	175357.0	231756.0	313383.0	441493.0	692922.0	1450409.0	8360488.0
	21.0	22.0	23.0	24.0	25.0	26.0	27.0	28.0	29.0	30.0	31.0	32.0	33.0	34.0	35.0	36.0	37.0
Acute_Survivor_4_2	2.0	294.0	3106.0	13248.0	34228.0	65475.0	101199.0	135702.0	169666.0	202724.0	239154.0	284840.0	348639.0	458293.0	675336.0	1324929.0	7952556.0
	21.0	22.0	23.0	24.0	25.0	26.0	27.0	28.0	29.0	30.0	31.0	32.0	33.0	34.0	35.0	36.0	37.0
Acute_Survivor_5_1	1.0	11.0	264.0	2841.0	14328.0	45991.0	105515.0	190797.0	295846.0	415326.0	552470.0	718009.0	951413.0	1318093.0	2049849.0	4307935.0	21550767.0
	21.0	22.0	23.0	24.0	25.0	26.0	27.0	28.0	29.0	30.0	31.0	32.0	33.0	34.0	35.0	36.0	37.0
Acute_Survivor_5_2	8.0	497.0	5119.0	23777.0	65893.0	133087.0	217466.0	308487.0	402394.0	497160.0	603344.0	733350.0	919421.0	1218153.0	1799266.0	3558400.0	22033634.0
	22.0	23.0	24.0	25.0	26.0	27.0	28.0	29.0	30.0	31.0	32.0	33.0	34.0	35.0	36.0	37.0
Acute_Survivor_6_1	9.0	265.0	2369.0	11964.0	38022.0	86001.0	153893.0	235943.0	327866.0	434360.0	563804.0	741351.0	1027158.0	1608352.0	3366441.0	14611264.0
	21.0	22.0	23.0	24.0	25.0	26.0	27.0	28.0	29.0	30.0	31.0	32.0	33.0	34.0	35.0	36.0	37.0
Acute_Survivor_6_2	15.0	468.0	4692.0	20218.0	54844.0	109782.0	175379.0	245632.0	314077.0	383473.0	458548.0	554824.0	686351.0	907498.0	1342003.0	2635892.0	15315366.0
	22.0	23.0	24.0	25.0	26.0	27.0	28.0	29.0	30.0	31.0	32.0	33.0	34.0	35.0	36.0	37.0
Acute_Survivor_7_1	6.0	114.0	1100.0	5953.0	19341.0	43748.0	79033.0	120901.0	169674.0	226321.0	297081.0	398527.0	563803.0	902347.0	1969348.0	8757233.0
	21.0	22.0	23.0	24.0	25.0	26.0	27.0	28.0	29.0	30.0	31.0	32.0	33.0	34.0	35.0	36.0	37.0
Acute_Survivor_7_2	5.0	252.0	2525.0	11078.0	30245.0	59553.0	95089.0	132557.0	169103.0	206063.0	247872.0	299641.0	370206.0	491649.0	729445.0	1450689.0	9258558.0
	23.0	24.0	25.0	26.0	27.0	28.0	29.0	30.0	31.0	32.0	33.0	34.0	35.0	36.0	37.0
Acute_Survivor_8_1	21.0	199.0	1023.0	3208.0	7392.0	13340.0	20349.0	28807.0	37632.0	49136.0	65208.0	91396.0	141527.0	288815.0	1061116.0
	21.0	22.0	23.0	24.0	25.0	26.0	27.0	28.0	29.0	30.0	31.0	32.0	33.0	34.0	35.0	36.0	37.0
Acute_Survivor_8_2	2.0	50.0	489.0	2216.0	5799.0	11042.0	17359.0	23439.0	29113.0	34674.0	40893.0	48822.0	59038.0	76321.0	111160.0	211545.0	1137207.0
	22.0	23.0	24.0	25.0	26.0	27.0	28.0	29.0	30.0	31.0	32.0	33.0	34.0	35.0	36.0	37.0
Acute_Survivor_9_1	16.0	407.0	4065.0	21143.0	69174.0	160254.0	288691.0	451142.0	637209.0	849334.0	1105977.0	1449857.0	1982892.0	3045017.0	5812733.0	25502770.0
	21.0	22.0	23.0	24.0	25.0	26.0	27.0	28.0	29.0	30.0	31.0	32.0	33.0	34.0	35.0	36.0	37.0
Acute_Survivor_9_2	23.0	1438.0	14976.0	65808.0	174272.0	332250.0	508700.0	681392.0	837332.0	993404.0	1161750.0	1376327.0	1708392.0	2218454.0	3150494.0	5585646.0	22570023.0

