	46	48	50	52	54	56	58	60	62	64	66	68	70	72	74	76	78	80	82	84	86	88	90	92	94	96	98	100	102	104	106	108	110	112	114	116	118	120	122	124
Acute_Fatal_102_1	12.0	381.0	45214.0	62869.0	67760.0	91155.0	98116.0	113975.0	122892.0	201369.0	120294.0	154963.0	143515.0	203201.0	272062.0	282197.0	335344.0	313384.0	281929.0	553965.0	448830.0	354226.0	309955.0	380508.0	336300.0	502895.0	732425.0	472338.0	372248.0	536999.0	483952.0	360509.0	389673.0	419244.0	431692.0	379334.0	472376.0	754946.0	2882893.0	30320579.0
	46	48	50	52	54	56	58	60	62	64	66	68	70	72	74	76	78	80	82	84	86	88	90	92	94	96	98	100	102	104	106	108	110	112	114	116	118	120	122	124
Acute_Fatal_102_2	4.0	355.0	73345.0	94555.0	104039.0	126053.0	218109.0	140815.0	145727.0	133012.0	142920.0	183709.0	188979.0	275919.0	325424.0	288021.0	554346.0	483520.0	324738.0	394877.0	459860.0	341391.0	293891.0	256867.0	296488.0	498082.0	804494.0	537393.0	373947.0	529904.0	515174.0	388345.0	435685.0	452960.0	458995.0	408058.0	1073770.0	847153.0	1968921.0	29666674.0
	47	52	57	62	67	72	77	82	87	92	97	102	107	112	117	122	127	132	137	142	147	150
Acute_Fatal_104_1	62.0	54632.0	88310.0	126348.0	199537.0	470336.0	427820.0	328811.0	506251.0	388566.0	552600.0	497151.0	545773.0	645119.0	655402.0	808109.0	871856.0	868690.0	1209968.0	1411768.0	6755921.0	45160805.0
	47	52	57	62	67	72	77	82	87	92	97	102	107	112	117	122	127	132	137	142	147	150
Acute_Fatal_104_2	73.0	241947.0	267495.0	280874.0	365816.0	674600.0	598941.0	488825.0	575835.0	570694.0	881114.0	911670.0	1024997.0	1228183.0	1328282.0	1396951.0	1361047.0	1324406.0	1421905.0	2830072.0	6201361.0	38598747.0
	47	52	57	62	67	72	77	82	87	92	97	102	107	112	117	122	127	132	137	142	147	150
Acute_Fatal_105_1	46.0	35297.0	57276.0	79392.0	143077.0	345045.0	245093.0	190748.0	262278.0	221349.0	311128.0	320815.0	350936.0	402643.0	407854.0	502593.0	542686.0	541835.0	950264.0	980070.0	4203419.0	29755402.0
	47	52	57	62	67	72	77	82	87	92	97	102	107	112	117	122	127	132	137	142	147	150
Acute_Fatal_105_2	40.0	135999.0	152755.0	169583.0	228722.0	446459.0	328727.0	270779.0	319706.0	329649.0	490289.0	556533.0	620452.0	733287.0	789134.0	833022.0	823019.0	799256.0	1070381.0	2012955.0	4126622.0	25611877.0
	47	52	57	62	67	72	77	82	87	92	97	102	107	112	117	122	127	132	137	142	147	150
Acute_Fatal_106_1	105.0	87028.0	135794.0	187865.0	266332.0	592597.0	677731.0	484988.0	586123.0	595325.0	623459.0	655451.0	711185.0	847128.0	862608.0	1060500.0	1015142.0	873324.0	1388595.0	1681116.0	4417102.0	30489463.0
	47	52	57	62	67	72	77	82	87	92	97	102	107	112	117	122	127	132	137	142	147	150
Acute_Fatal_106_2	113.0	187836.0	237425.0	279939.0	378984.0	834878.0	699851.0	534413.0	573486.0	681551.0	805768.0	876955.0	978080.0	1169709.0	1211719.0	1396374.0	1208058.0	1108671.0	1560588.0	2703825.0	5048098.0	25762640.0
	47	52	57	62	67	72	77	82	87	92	97	102	107	112	117	122	127	132	137	142	147	150
Acute_Fatal_107_1	97.0	59246.0	92771.0	116151.0	169754.0	308174.0	408308.0	329521.0	400218.0	335460.0	435426.0	457663.0	499423.0	556073.0	609642.0	729882.0	760085.0	710273.0	1024342.0	992560.0	3579785.0	22568262.0
	47	52	57	62	67	72	77	82	87	92	97	102	107	112	117	122	127	132	137	142	147	150
Acute_Fatal_107_2	61.0	122687.0	160696.0	169533.0	246702.0	474153.0	395591.0	350818.0	408815.0	393693.0	564400.0	613052.0	691454.0	819464.0	894719.0	922239.0	914717.0	859386.0	1077334.0	1583299.0	3166327.0	20313976.0
	47	52	57	62	67	72	77	82	87	92	97	102	107	112	117	122	127	132	137	142	147	150
Acute_Fatal_109_1	24.0	28952.0	44022.0	62910.0	65591.0	105505.0	160006.0	186623.0	249768.0	232860.0	364450.0	245966.0	345135.0	453813.0	542836.0	663410.0	837068.0	650530.0	1003756.0	824032.0	5508922.0	27211370.0
	47	52	57	62	67	72	77	82	87	92	97	102	107	112	117	122	127	132	137	142	147	150
Acute_Fatal_109_2	22.0	103265.0	114566.0	140760.0	142043.0	181743.0	250551.0	255023.0	261450.0	311017.0	513425.0	428203.0	578450.0	784746.0	968684.0	806163.0	969861.0	815119.0	1000242.0	1545226.0	6835049.0	22781941.0
	46	48	50	52	54	56	58	60	62	64	66	68	70	72	74	76	78	80	82	84	86	88	90	92	94	96	98	100	102	104	106	108	110	112	114	116	118	120	122	124
Acute_Fatal_14_1	3.0	235.0	28250.0	37871.0	44154.0	60154.0	59827.0	61802.0	65368.0	97194.0	74251.0	107449.0	86506.0	186996.0	245068.0	193902.0	220046.0	198930.0	171079.0	278241.0	236498.0	199995.0	159865.0	214262.0	199336.0	303252.0	452066.0	247814.0	226821.0	351225.0	312181.0	256536.0	278591.0	334171.0	325392.0	281297.0	329188.0	646651.0	2824903.0	25668266.0
	46	48	50	52	54	56	58	60	62	64	66	68	70	72	74	76	78	80	82	84	86	88	90	92	94	96	98	100	102	104	106	108	110	112	114	116	118	120	122	124
Acute_Fatal_14_2	4.0	166.0	41437.0	51981.0	59841.0	71951.0	107926.0	66869.0	74394.0	72800.0	88299.0	132523.0	135186.0	244039.0	274910.0	189487.0	293363.0	249307.0	177422.0	220491.0	240242.0	192798.0	169068.0	172683.0	190936.0	305254.0	497800.0	291251.0	228690.0	346386.0	329234.0	277462.0	328957.0	326924.0	339331.0	306089.0	1134147.0	647680.0	1525533.0	25662775.0
	46	48	50	52	54	56	58	60	62	64	66	68	70	72	74	76	78	80	82	84	86	88	90	92	94	96	98	100	102	104	106	108	110	112	114	116	118	120	122	124
Acute_Fatal_16_1	8.0	284.0	34542.0	49038.0	56445.0	83709.0	79523.0	84344.0	87519.0	139526.0	87096.0	111073.0	105066.0	183791.0	281020.0	234722.0	257593.0	248964.0	214245.0	388284.0	314426.0	240868.0	206039.0	265244.0	228738.0	350934.0	533386.0	303803.0	235714.0	329023.0	321682.0	260240.0	279152.0	310687.0	316816.0	284488.0	331778.0	600539.0	2333826.0	23147006.0
	46	48	50	52	54	56	58	60	62	64	66	68	70	72	74	76	78	80	82	84	86	88	90	92	94	96	98	100	102	104	106	108	110	112	114	116	118	120	122	124
Acute_Fatal_16_2	2.0	323.0	53102.0	67653.0	78183.0	100355.0	156269.0	89906.0	97398.0	89266.0	101178.0	136620.0	158106.0	248916.0	330723.0	230506.0	387441.0	344490.0	229397.0	279885.0	300628.0	227747.0	198285.0	187037.0	205163.0	350841.0	588069.0	349531.0	239144.0	325493.0	338885.0	283083.0	314094.0	328852.0	334271.0	310520.0	850609.0	623483.0	1416754.0	22968973.0
	46	48	50	52	54	56	58	60	62	64	66	68	70	72	74	76	78	80	82	84	86	88	90	92	94	96	98	100	102	104	106	108	110	112	114	116	118	120	122	124
Acute_Fatal_17_1	7.0	279.0	23953.0	32610.0	36070.0	44184.0	50052.0	53039.0	55631.0	77751.0	59054.0	81506.0	72128.0	131242.0	163693.0	129161.0	146102.0	135880.0	118674.0	183067.0	153334.0	131468.0	106243.0	124528.0	129473.0	192444.0	305030.0	150315.0	135391.0	188954.0	180496.0	143106.0	159947.0	171265.0	167114.0	144799.0	176253.0	322905.0	1292477.0	12933215.0
	46	48	50	52	54	56	58	60	62	64	66	68	70	72	74	76	78	80	82	84	86	88	90	92	94	96	98	100	102	104	106	108	110	112	114	116	118	120	122	124
Acute_Fatal_17_2	6.0	239.0	45574.0	49329.0	56232.0	62242.0	90764.0	64202.0	66613.0	64220.0	75745.0	97938.0	92978.0	164149.0	192082.0	136158.0	194887.0	167592.0	125563.0	157007.0	161200.0	132511.0	115121.0	109119.0	127200.0	193669.0	336873.0	180634.0	139395.0	191079.0	197276.0	157969.0	181885.0	190527.0	182403.0	160903.0	426252.0	329615.0	827614.0	12658075.0
	46	48	50	52	54	56	58	60	62	64	66	68	70	72	74	76	78	80	82	84	86	88	90	92	94	96	98	100	102	104	106	108	110	112	114	116	118	120	122	124
Acute_Fatal_18_1	7.0	434.0	37589.0	56771.0	65161.0	104554.0	88772.0	100956.0	107984.0	133646.0	109518.0	126047.0	131767.0	187071.0	263386.0	300439.0	336296.0	333940.0	270499.0	374155.0	304910.0	267225.0	213421.0	259599.0	254415.0	394430.0	428717.0	378113.0	297144.0	413848.0	339739.0	285595.0	287315.0	296228.0	298257.0	287689.0	355810.0	650851.0	1687757.0	16163719.0
	46	48	50	52	54	56	58	60	62	64	66	68	70	72	74	76	78	80	82	84	86	88	90	92	94	96	98	100	102	104	106	108	110	112	114	116	118	120	122	124
Acute_Fatal_18_2	5.0	370.0	66724.0	77169.0	86821.0	127883.0	159886.0	107748.0	119511.0	111654.0	131156.0	184083.0	255150.0	290933.0	283660.0	263109.0	382251.0	339611.0	264752.0	307333.0	320422.0	264886.0	234043.0	227894.0	223012.0	387530.0	468068.0	407679.0	302130.0	413321.0	351841.0	308814.0	340277.0	303957.0	313793.0	295363.0	888947.0	597691.0	970402.0	15813895.0
	46	48	50	52	54	56	58	60	62	64	66	68	70	72	74	76	78	80	82	84	86	88	90	92	94	96	98	100	102	104	106	108	110	112	114	116	118	120	122	124
Acute_Fatal_1_1	11.0	289.0	38651.0	57966.0	68509.0	94279.0	95316.0	107858.0	108983.0	153254.0	105958.0	126209.0	118623.0	188915.0	269159.0	267674.0	306107.0	290479.0	238857.0	374011.0	291877.0	246972.0	195366.0	233739.0	228859.0	389898.0	518613.0	310222.0	258701.0	386442.0	342054.0	265081.0	284386.0	288226.0	297205.0	286201.0	339395.0	585179.0	2520012.0	20734528.0
	46	48	50	52	54	56	58	60	62	64	66	68	70	72	74	76	78	80	82	84	86	88	90	92	94	96	98	100	102	104	106	108	110	112	114	116	118	120	122	124
Acute_Fatal_1_2	5.0	313.0	53952.0	77364.0	90554.0	107051.0	162077.0	105135.0	108609.0	99727.0	115285.0	149305.0	167912.0	264852.0	305491.0	254666.0	405084.0	337223.0	230708.0	279858.0	294826.0	229185.0	205098.0	179210.0	194163.0	382732.0	565528.0	352040.0	257977.0	377697.0	358769.0	276732.0	312519.0	301657.0	310693.0	303095.0	1154533.0	495623.0	1262444.0	20884372.0
	46	48	50	52	54	56	58	60	62	64	66	68	70	72	74	76	78	80	82	84	86	88	90	92	94	96	98	100	102	104	106	108	110	112	114	116	118	120	122	124
Acute_Fatal_20_1	13.0	373.0	28483.0	40730.0	43202.0	51624.0	56037.0	64467.0	66548.0	93807.0	69072.0	82205.0	81313.0	101173.0	138233.0	136514.0	168898.0	140302.0	127529.0	196432.0	163163.0	141875.0	119921.0	136926.0	143318.0	330563.0	307604.0	199766.0	162332.0	233974.0	215484.0	173195.0	193059.0	193439.0	187261.0	166779.0	200058.0	324854.0	992757.0	11946858.0
	46	48	50	52	54	56	58	60	62	64	66	68	70	72	74	76	78	80	82	84	86	88	90	92	94	96	98	100	102	104	106	108	110	112	114	116	118	120	122	124
Acute_Fatal_20_2	5.0	295.0	38073.0	48125.0	52079.0	59580.0	90367.0	70517.0	69668.0	74414.0	79953.0	94762.0	100613.0	129948.0	146025.0	140011.0	218644.0	175394.0	134786.0	167704.0	170932.0	139034.0	153100.0	118308.0	133676.0	314211.0	343371.0	255409.0	162557.0	215970.0	226576.0	177470.0	205011.0	201624.0	192861.0	177399.0	409663.0	377437.0	743376.0	11611193.0
	46	48	50	52	54	56	58	60	62	64	66	68	70	72	74	76	78	80	82	84	86	88	90	92	94	96	98	100	102	104	106	108	110	112	114	116	118	120	122	124
Acute_Fatal_21_1	16.0	500.0	55431.0	83395.0	93439.0	126481.0	133930.0	154140.0	158654.0	276580.0	139888.0	157156.0	157150.0	235539.0	314684.0	301738.0	317867.0	313173.0	261097.0	447217.0	355906.0	274259.0	225342.0	258960.0	251838.0	328619.0	398560.0	265963.0	229160.0	323886.0	265444.0	209450.0	226186.0	237992.0	231818.0	209075.0	247532.0	412720.0	1419221.0	14612602.0
	46	48	50	52	54	56	58	60	62	64	66	68	70	72	74	76	78	80	82	84	86	88	90	92	94	96	98	100	102	104	106	108	110	112	114	116	118	120	122	124
Acute_Fatal_21_2	8.0	542.0	77183.0	116066.0	131866.0	155724.0	288887.0	155160.0	155141.0	132521.0	142710.0	170407.0	188217.0	288721.0	372165.0	292437.0	486285.0	410322.0	267705.0	290509.0	327030.0	258259.0	207670.0	175685.0	200721.0	319891.0	431557.0	306154.0	216417.0	305839.0	271872.0	216713.0	242206.0	234641.0	233493.0	210763.0	497723.0	461317.0	964877.0	14507204.0
	46	48	50	52	54	56	58	60	62	64	66	68	70	72	74	76	78	80	82	84	86	88	90	92	94	96	98	100	102	104	106	108	110	112	114	116	118	120	122	124
Acute_Fatal_22_1	24.0	615.0	74587.0	110549.0	113357.0	138538.0	120526.0	122168.0	128169.0	141729.0	143723.0	142632.0	133178.0	214467.0	311958.0	312879.0	285453.0	286095.0	331591.0	423176.0	366575.0	276081.0	228971.0	272275.0	305532.0	374068.0	409837.0	240183.0	284985.0	379773.0	321102.0	272301.0	292938.0	302212.0	304590.0	314309.0	531061.0	931371.0	1982648.0	21797897.0
	46	48	50	52	54	56	58	60	62	64	66	68	70	72	74	76	78	80	82	84	86	88	90	92	94	96	98	100	102	104	106	108	110	112	114	116	118	120	122	124
Acute_Fatal_22_2	9.0	535.0	89184.0	121205.0	128566.0	141559.0	151339.0	124571.0	132438.0	127019.0	152829.0	166929.0	167377.0	245841.0	329155.0	314632.0	320702.0	308979.0	331292.0	396128.0	368846.0	284027.0	238105.0	236668.0	296765.0	364330.0	444777.0	272634.0	283204.0	379913.0	331948.0	282938.0	334040.0	323544.0	308587.0	326236.0	1127283.0	996539.0	1726867.0	21046583.0
	46	48	50	52	54	56	58	60	62	64	66	68	70	72	74	76	78	80	82	84	86	88	90	92	94	96	98	100	102	104	106	108	110	112	114	116	118	120	122	124
Acute_Fatal_24_1	55.0	1548.0	89630.0	130884.0	165792.0	189846.0	174135.0	176161.0	188329.0	296333.0	222628.0	299407.0	245096.0	554836.0	687875.0	502195.0	400711.0	380800.0	341992.0	556875.0	403370.0	343902.0	302657.0	349585.0	371635.0	531597.0	834399.0	367325.0	372989.0	569861.0	441447.0	327908.0	346788.0	410712.0	446295.0	342034.0	364729.0	654614.0	1891733.0	23072652.0
	46	48	50	52	54	56	58	60	62	64	66	68	70	72	74	76	78	80	82	84	86	88	90	92	94	96	98	100	102	104	106	108	110	112	114	116	118	120	122	124
Acute_Fatal_24_2	36.0	1664.0	123123.0	169132.0	206111.0	212873.0	317598.0	191531.0	203670.0	191324.0	254102.0	339067.0	304157.0	614741.0	746146.0	487487.0	533725.0	454393.0	347692.0	449338.0	393778.0	343212.0	317283.0	286063.0	347282.0	505603.0	910929.0	423555.0	346332.0	546374.0	450252.0	336404.0	388116.0	392797.0	448730.0	368602.0	817350.0	582202.0	1424646.0	22573940.0
	46	48	50	52	54	56	58	60	62	64	66	68	70	72	74	76	78	80	82	84	86	88	90	92	94	96	98	100	102	104	106	108	110	112	114	116	118	120	122	124
Acute_Fatal_26_1	6.0	340.0	21788.0	30017.0	37967.0	41070.0	38687.0	39759.0	45411.0	63909.0	60069.0	92771.0	69572.0	163126.0	195294.0	134695.0	117430.0	107961.0	102659.0	168994.0	132505.0	115563.0	103074.0	128250.0	132162.0	194068.0	309245.0	138257.0	137565.0	207683.0	160787.0	125346.0	137366.0	158530.0	171736.0	134495.0	151061.0	272610.0	929598.0	10457903.0
	46	48	50	52	54	56	58	60	62	64	66	68	70	72	74	76	78	80	82	84	86	88	90	92	94	96	98	100	102	104	106	108	110	112	114	116	118	120	122	124
Acute_Fatal_26_2	4.0	332.0	31612.0	41325.0	49097.0	49539.0	68461.0	48560.0	55801.0	53513.0	74358.0	105202.0	88628.0	186344.0	206982.0	134974.0	153499.0	133002.0	109908.0	147472.0	139581.0	117411.0	112427.0	107868.0	124512.0	182831.0	338131.0	160987.0	128852.0	201434.0	166365.0	128914.0	144837.0	162781.0	173700.0	144630.0	381476.0	265035.0	711719.0	10197225.0
	46	48	50	52	54	56	58	60	62	64	66	68	70	72	74	76	78	80	82	84	86	88	90	92	94	96	98	100	102	104	106	108	110	112	114	116	118	120	122	124
Acute_Fatal_29_1	14.0	413.0	41003.0	65909.0	95201.0	132465.0	103676.0	94356.0	88452.0	83632.0	104101.0	94204.0	112181.0	203080.0	289647.0	338239.0	316714.0	313096.0	258873.0	273753.0	251067.0	190558.0	137641.0	141806.0	161768.0	227065.0	234589.0	156599.0	213376.0	347018.0	185169.0	186941.0	194727.0	210665.0	228502.0	213160.0	269044.0	516057.0	961229.0	11900562.0
	48	50	52	54	56	58	60	62	64	66	68	70	72	74	76	78	80	82	84	86	88	90	92	94	96	98	100	102	104	106	108	110	112	114	116	118	120	122	124
Acute_Fatal_29_2	280.0	50092.0	69836.0	96646.0	134305.0	132774.0	71819.0	84490.0	81916.0	117690.0	161283.0	283585.0	309505.0	264962.0	267547.0	228747.0	228636.0	229977.0	268679.0	238271.0	190044.0	152198.0	159969.0	151164.0	245001.0	246854.0	169588.0	212853.0	340186.0	182729.0	215089.0	211262.0	196801.0	238362.0	210036.0	532689.0	332174.0	641848.0	11986665.0
	46	48	50	52	54	56	58	60	62	64	66	68	70	72	74	76	78	80	82	84	86	88	90	92	94	96	98	100	102	104	106	108	110	112	114	116	118	120	122	124
Acute_Fatal_32_1	15.0	483.0	55594.0	84581.0	90056.0	127761.0	125691.0	149981.0	173113.0	292210.0	159874.0	201782.0	207296.0	242673.0	352527.0	399885.0	445023.0	419457.0	376318.0	771800.0	617301.0	467351.0	406453.0	502467.0	436021.0	803864.0	803421.0	643723.0	435417.0	683278.0	592891.0	443444.0	477500.0	442897.0	475269.0	440749.0	559914.0	926289.0	2809846.0	34683928.0
	46	48	50	52	54	56	58	60	62	64	66	68	70	72	74	76	78	80	82	84	86	88	90	92	94	96	98	100	102	104	106	108	110	112	114	116	118	120	122	124
Acute_Fatal_32_2	4.0	397.0	89010.0	120896.0	131643.0	174836.0	300778.0	179950.0	193995.0	177924.0	184946.0	241508.0	279579.0	335498.0	416082.0	388085.0	772609.0	675885.0	443201.0	511114.0	599801.0	437282.0	396486.0	326765.0	365632.0	771076.0	895707.0	744856.0	442504.0	650446.0	620003.0	471237.0	540387.0	485377.0	505052.0	475247.0	1152854.0	1043530.0	2117739.0	33668222.0
	46	48	50	52	54	56	58	60	62	64	66	68	70	72	74	76	78	80	82	84	86	88	90	92	94	96	98	100	102	104	106	108	110	112	114	116	118	120	122	124
Acute_Fatal_33_1	8.0	211.0	24593.0	34676.0	42199.0	79048.0	64709.0	65305.0	69455.0	102384.0	66369.0	79398.0	83322.0	123298.0	201863.0	209902.0	235530.0	228174.0	174984.0	302595.0	237270.0	182081.0	147934.0	190288.0	161083.0	269326.0	376932.0	249627.0	173344.0	242499.0	234772.0	197577.0	209617.0	203126.0	210997.0	196147.0	245173.0	481443.0	1347799.0	14903416.0
	46	48	50	52	54	56	58	60	62	64	66	68	70	72	74	76	78	80	82	84	86	88	90	92	94	96	98	100	102	104	106	108	110	112	114	116	118	120	122	124
Acute_Fatal_33_2	5.0	215.0	40045.0	49282.0	58846.0	97210.0	133572.0	73299.0	80771.0	70915.0	80215.0	119297.0	172914.0	195533.0	224756.0	181137.0	312160.0	280532.0	186334.0	219962.0	233800.0	174271.0	150065.0	140358.0	140194.0	269111.0	417626.0	275097.0	179072.0	243185.0	246208.0	219358.0	237935.0	218577.0	223321.0	198422.0	569137.0	433362.0	855111.0	14647264.0
	46	48	50	52	54	56	58	60	62	64	66	68	70	72	74	76	78	80	82	84	86	88	90	92	94	96	98	100	102	104	106	108	110	112	114	116	118	120	122	124
Acute_Fatal_34_1	6.0	146.0	24012.0	30839.0	33343.0	42815.0	44602.0	50104.0	54340.0	85085.0	53971.0	69670.0	68078.0	77253.0	112370.0	125279.0	147322.0	144265.0	138682.0	261077.0	207543.0	165168.0	139192.0	184979.0	169125.0	387784.0	399275.0	261442.0	190157.0	303945.0	298737.0	227155.0	250447.0	254768.0	259137.0	239503.0	321200.0	550101.0	2548786.0	26899812.0
	46	48	50	52	54	56	58	60	62	64	66	68	70	72	74	76	78	80	82	84	86	88	90	92	94	96	98	100	102	104	106	108	110	112	114	116	118	120	122	124
Acute_Fatal_34_2	1.0	94.0	46265.0	55702.0	60408.0	69750.0	103548.0	73364.0	75345.0	73054.0	74309.0	91411.0	97430.0	120842.0	140605.0	138440.0	252685.0	230860.0	173363.0	206482.0	230692.0	170057.0	169035.0	143103.0	156679.0	378507.0	456600.0	328338.0	205700.0	283058.0	326763.0	245796.0	290211.0	290523.0	285248.0	288113.0	965029.0	586747.0	1636575.0	26300783.0
	46	48	50	52	54	56	58	60	62	64	66	68	70	72	74	76	78	80	82	84	86	88	90	92	94	96	98	100	102	104	106	108	110	112	114	116	118	120	122	124
Acute_Fatal_35_1	5.0	117.0	19951.0	25942.0	30794.0	37326.0	40357.0	41657.0	45216.0	75166.0	46874.0	62849.0	55438.0	109382.0	137982.0	116040.0	128336.0	124888.0	125212.0	214396.0	174378.0	138543.0	112698.0	155878.0	130993.0	199486.0	355540.0	155205.0	141939.0	191705.0	201338.0	159341.0	174376.0	198032.0	208286.0	185037.0	229476.0	414584.0	1786030.0	21188384.0
	46	48	50	52	54	56	58	60	62	64	66	68	70	72	74	76	78	80	82	84	86	88	90	92	94	96	98	100	102	104	106	108	110	112	114	116	118	120	122	124
Acute_Fatal_35_2	1.0	107.0	31965.0	39025.0	46840.0	51469.0	85772.0	52779.0	54537.0	51814.0	57253.0	73880.0	71530.0	132912.0	165357.0	123729.0	204314.0	185597.0	139695.0	160701.0	169055.0	123933.0	112687.0	115036.0	127422.0	201199.0	388595.0	181061.0	145157.0	190098.0	217419.0	173657.0	192554.0	213321.0	220718.0	220623.0	733024.0	481480.0	1357925.0	20644936.0
	46	48	50	52	54	56	58	60	62	64	66	68	70	72	74	76	78	80	82	84	86	88	90	92	94	96	98	100	102	104	106	108	110	112	114	116	118	120	122	124
Acute_Fatal_36_1	9.0	174.0	25672.0	34749.0	41551.0	57277.0	56560.0	55936.0	59625.0	81709.0	64799.0	89581.0	81898.0	204330.0	239483.0	181680.0	185896.0	171474.0	152074.0	237761.0	197540.0	172256.0	133500.0	186032.0	191331.0	250087.0	392959.0	189354.0	172869.0	256750.0	217391.0	178941.0	189720.0	209688.0	215669.0	194992.0	239607.0	486994.0	1889074.0	19895315.0
	46	48	50	52	54	56	58	60	62	64	66	68	70	72	74	76	78	80	82	84	86	88	90	92	94	96	98	100	102	104	106	108	110	112	114	116	118	120	122	124
Acute_Fatal_36_2	2.0	161.0	36418.0	46356.0	56093.0	68046.0	95034.0	60290.0	65170.0	61032.0	78432.0	108777.0	110033.0	234652.0	261175.0	181184.0	244996.0	216498.0	158232.0	192701.0	198698.0	163404.0	142885.0	155401.0	182169.0	251434.0	428596.0	226072.0	174196.0	262762.0	234967.0	205167.0	215780.0	215024.0	230544.0	212996.0	619067.0	649974.0	1252708.0	19585181.0
	46	48	50	52	54	56	58	60	62	64	66	68	70	72	74	76	78	80	82	84	86	88	90	92	94	96	98	100	102	104	106	108	110	112	114	116	118	120	122	124
Acute_Fatal_38_1	8.0	197.0	24092.0	35263.0	41020.0	47070.0	45617.0	47289.0	52318.0	62894.0	59608.0	83404.0	69481.0	162917.0	145555.0	137521.0	119963.0	109424.0	101247.0	130706.0	115857.0	109365.0	97578.0	110490.0	130478.0	173550.0	189631.0	130581.0	144635.0	275045.0	166750.0	138213.0	146717.0	154275.0	155172.0	147063.0	179089.0	314351.0	1234111.0	14625273.0
	46	48	50	52	54	56	58	60	62	64	66	68	70	72	74	76	78	80	82	84	86	88	90	92	94	96	98	100	102	104	106	108	110	112	114	116	118	120	122	124
Acute_Fatal_38_2	2.0	162.0	33735.0	41742.0	49271.0	51910.0	65531.0	51878.0	56641.0	54878.0	68284.0	94050.0	83112.0	179408.0	156450.0	138834.0	144049.0	128846.0	106876.0	117308.0	122054.0	113667.0	113331.0	104561.0	125802.0	170043.0	206322.0	158159.0	146860.0	270781.0	177765.0	148286.0	164690.0	163613.0	167302.0	164692.0	388310.0	414433.0	943675.0	14326505.0
	46	48	50	52	54	56	58	60	62	64	66	68	70	72	74	76	78	80	82	84	86	88	90	92	94	96	98	100	102	104	106	108	110	112	114	116	118	120	122	124
Acute_Fatal_39_1	6.0	259.0	24471.0	33345.0	40893.0	57032.0	56039.0	57863.0	59693.0	82616.0	59951.0	72192.0	75402.0	142928.0	188264.0	157787.0	164796.0	161913.0	137354.0	194795.0	171165.0	144936.0	116412.0	144054.0	145305.0	198829.0	284350.0	154063.0	147968.0	204812.0	190549.0	159801.0	175667.0	209790.0	198416.0	166868.0	194061.0	363651.0	1371659.0	13132440.0
	46	48	50	52	54	56	58	60	62	64	66	68	70	72	74	76	78	80	82	84	86	88	90	92	94	96	98	100	102	104	106	108	110	112	114	116	118	120	122	124
Acute_Fatal_39_2	1.0	228.0	36654.0	47944.0	58023.0	67190.0	93862.0	57106.0	63583.0	61991.0	74018.0	91080.0	104419.0	185993.0	214894.0	159906.0	209506.0	177393.0	134640.0	160129.0	178739.0	142659.0	124228.0	130386.0	141158.0	203219.0	315245.0	186598.0	147082.0	206445.0	203535.0	176585.0	203486.0	208644.0	207253.0	182512.0	563433.0	369223.0	827003.0	12926402.0
	46	48	50	52	54	56	58	60	62	64	66	68	70	72	74	76	78	80	82	84	86	88	90	92	94	96	98	100	102	104	106	108	110	112	114	116	118	120	122	124
Acute_Fatal_40_1	11.0	377.0	48719.0	71273.0	98884.0	109867.0	115875.0	110997.0	114031.0	131433.0	136830.0	188082.0	169926.0	369612.0	502361.0	405348.0	379441.0	322145.0	302774.0	397231.0	353471.0	308275.0	276466.0	301850.0	327414.0	425247.0	598417.0	365669.0	394296.0	640613.0	433033.0	360610.0	398170.0	446575.0	485354.0	388261.0	473633.0	811884.0	2487275.0	32647391.0
	46	48	50	52	54	56	58	60	62	64	66	68	70	72	74	76	78	80	82	84	86	88	90	92	94	96	98	100	102	104	106	108	110	112	114	116	118	120	122	124
Acute_Fatal_40_2	10.0	482.0	72245.0	92092.0	121755.0	125116.0	160494.0	123500.0	130054.0	126446.0	167510.0	233414.0	248516.0	449004.0	505547.0	390515.0	411862.0	344489.0	306356.0	370417.0	370153.0	328083.0	305202.0	311421.0	327374.0	437757.0	638388.0	437618.0	389477.0	636362.0	460043.0	385205.0	437782.0	453832.0	506552.0	423658.0	1008626.0	722566.0	1980697.0	31958501.0
	46	48	50	52	54	56	58	60	62	64	66	68	70	72	74	76	78	80	82	84	86	88	90	92	94	96	98	100	102	104	106	108	110	112	114	116	118	120	122	124
Acute_Fatal_41_1	2.0	83.0	10755.0	14214.0	16582.0	20801.0	21816.0	23447.0	25071.0	36598.0	26474.0	36715.0	35446.0	70588.0	83519.0	66005.0	67754.0	63524.0	56686.0	88550.0	78569.0	62495.0	54898.0	70051.0	66888.0	86618.0	150933.0	73788.0	69642.0	90547.0	94133.0	75853.0	88197.0	109540.0	107994.0	86027.0	106966.0	192744.0	805496.0	9403710.0
	46	48	50	52	54	56	58	60	62	64	66	68	70	72	74	76	78	80	82	84	86	88	90	92	94	96	98	100	102	104	106	108	110	112	114	116	118	120	122	124
Acute_Fatal_41_2	2.0	78.0	17439.0	21529.0	24692.0	26320.0	40037.0	26513.0	29074.0	28413.0	35732.0	44217.0	43528.0	86520.0	98072.0	69209.0	93939.0	80134.0	58647.0	71466.0	82381.0	64519.0	56654.0	61915.0	68250.0	90082.0	167457.0	93540.0	69540.0	90919.0	100746.0	84147.0	97864.0	114054.0	112992.0	96729.0	265990.0	224295.0	583991.0	9218093.0
	46	48	50	52	54	56	58	60	62	64	66	68	70	72	74	76	78	80	82	84	86	88	90	92	94	96	98	100	102	104	106	108	110	112	114	116	118	120	122	124
Acute_Fatal_42_1	4.0	219.0	28482.0	39086.0	46345.0	62391.0	57496.0	54543.0	60002.0	79078.0	66984.0	93160.0	84647.0	196717.0	243582.0	200006.0	199975.0	164029.0	141557.0	226381.0	183755.0	154429.0	132047.0	180081.0	187045.0	230176.0	405771.0	194413.0	185410.0	275124.0	238673.0	197708.0	226226.0	252081.0	264633.0	218276.0	273648.0	534367.0	1965933.0	23595122.0
	46	48	50	52	54	56	58	60	62	64	66	68	70	72	74	76	78	80	82	84	86	88	90	92	94	96	98	100	102	104	106	108	110	112	114	116	118	120	122	124
Acute_Fatal_42_2	3.0	238.0	47185.0	56414.0	65521.0	76587.0	96644.0	67401.0	74358.0	73030.0	88810.0	121647.0	124101.0	241249.0	265163.0	201903.0	249423.0	204738.0	155082.0	200270.0	196945.0	167929.0	152057.0	169188.0	193952.0	242769.0	451944.0	246964.0	188336.0	281497.0	259403.0	229283.0	254336.0	272762.0	285839.0	250070.0	683283.0	486805.0	1480205.0	23036268.0
	46	48	50	52	54	56	58	60	62	64	66	68	70	72	74	76	78	80	82	84	86	88	90	92	94	96	98	100	102	104	106	108	110	112	114	116	118	120	122	124
Acute_Fatal_45_1	8.0	250.0	25463.0	35444.0	46366.0	52516.0	49546.0	51277.0	52693.0	64248.0	60521.0	84293.0	69412.0	143509.0	178507.0	143960.0	140894.0	124145.0	112909.0	161320.0	138927.0	121290.0	103607.0	116728.0	126777.0	163170.0	242735.0	136438.0	146615.0	245039.0	173052.0	134453.0	150425.0	180725.0	200102.0	158508.0	201933.0	348607.0	1255393.0	16169321.0
	46	48	50	52	54	56	58	60	62	64	66	68	70	72	74	76	78	80	82	84	86	88	90	92	94	96	98	100	102	104	106	108	110	112	114	116	118	120	122	124
Acute_Fatal_45_2	2.0	191.0	33603.0	43790.0	56368.0	58452.0	71733.0	55796.0	58780.0	55552.0	71665.0	98597.0	91375.0	170317.0	183926.0	141676.0	163558.0	140574.0	115395.0	144505.0	145824.0	126558.0	113243.0	109732.0	128455.0	167344.0	266005.0	167039.0	149121.0	248207.0	187428.0	150194.0	170552.0	189631.0	209876.0	176711.0	501420.0	328918.0	946694.0	15872319.0
	46	48	50	52	54	56	58	60	62	64	66	68	70	72	74	76	78	80	82	84	86	88	90	92	94	96	98	100	102	104	106	108	110	112	114	116	118	120	122	124
Acute_Fatal_46_1	1.0	43.0	5957.0	8460.0	10537.0	14175.0	12803.0	12651.0	13449.0	16198.0	15411.0	21447.0	19785.0	51912.0	58270.0	43639.0	40266.0	37771.0	34202.0	47569.0	41723.0	38930.0	30811.0	39283.0	44831.0	53594.0	76189.0	41831.0	42837.0	74760.0	48485.0	41274.0	43963.0	51792.0	52931.0	45333.0	58778.0	115608.0	397216.0	4506462.0
	48	50	52	54	56	58	60	62	64	66	68	70	72	74	76	78	80	82	84	86	88	90	92	94	96	98	100	102	104	106	108	110	112	114	116	118	120	122	124
Acute_Fatal_46_2	47.0	8659.0	10708.0	13411.0	15961.0	18984.0	13094.0	17276.0	15711.0	19573.0	27597.0	29061.0	60235.0	62080.0	42774.0	47304.0	42483.0	35726.0	42821.0	42948.0	39894.0	34367.0	36870.0	43888.0	54150.0	81352.0	48933.0	42488.0	75437.0	51513.0	47327.0	52617.0	48615.0	55699.0	49538.0	143674.0	136910.0	274820.0	4426632.0
	46	48	50	52	54	56	58	60	62	64	66	68	70	72	74	76	78	80	82	84	86	88	90	92	94	96	98	100	102	104	106	108	110	112	114	116	118	120	122	124
Acute_Fatal_47_1	2.0	92.0	12591.0	18692.0	25010.0	39028.0	30576.0	30129.0	32049.0	31905.0	33678.0	34895.0	38794.0	73642.0	102824.0	104303.0	102244.0	97137.0	79721.0	95534.0	86781.0	80515.0	65287.0	75722.0	81179.0	111813.0	142531.0	86273.0	92271.0	140812.0	106152.0	101680.0	106298.0	115385.0	115027.0	112485.0	143516.0	304706.0	762863.0	8886581.0
	46	48	50	52	54	56	58	60	62	64	66	68	70	72	74	76	78	80	82	84	86	88	90	92	94	96	98	100	102	104	106	108	110	112	114	116	118	120	122	124
Acute_Fatal_47_2	1.0	104.0	16925.0	21930.0	27883.0	41615.0	42896.0	26213.0	33512.0	31382.0	39301.0	55274.0	86066.0	105058.0	101955.0	86855.0	87522.0	81299.0	73044.0	88571.0	86205.0	78376.0	71510.0	76064.0	76186.0	112930.0	148445.0	93088.0	91236.0	138120.0	106139.0	113447.0	112350.0	104623.0	115106.0	116633.0	318575.0	347568.0	523277.0	8823439.0
	46	48	50	52	54	56	58	60	62	64	66	68	70	72	74	76	78	80	82	84	86	88	90	92	94	96	98	100	102	104	106	108	110	112	114	116	118	120	122	124
Acute_Fatal_48_1	8.0	382.0	35749.0	47850.0	55489.0	86289.0	85388.0	92098.0	95321.0	134499.0	94162.0	119588.0	115218.0	166962.0	239205.0	234616.0	281534.0	271081.0	235483.0	369706.0	315335.0	270521.0	222398.0	276985.0	263106.0	440855.0	553481.0	395880.0	303447.0	420157.0	392320.0	324709.0	331211.0	349678.0	345228.0	323624.0	392274.0	707542.0	2497672.0	22448717.0
	46	48	50	52	54	56	58	60	62	64	66	68	70	72	74	76	78	80	82	84	86	88	90	92	94	96	98	100	102	104	106	108	110	112	114	116	118	120	122	124
Acute_Fatal_48_2	7.0	332.0	70466.0	76833.0	87274.0	118137.0	162456.0	108033.0	111819.0	106474.0	118286.0	159112.0	183854.0	246134.0	277535.0	237909.0	372155.0	327929.0	249396.0	305056.0	338547.0	266761.0	243573.0	229208.0	238460.0	431284.0	611031.0	443494.0	309625.0	417988.0	414131.0	354333.0	382882.0	371430.0	369918.0	343277.0	1064408.0	666941.0	1401109.0	22118171.0
	46	48	50	52	54	56	58	60	62	64	66	68	70	72	74	76	78	80	82	84	86	88	90	92	94	96	98	100	102	104	106	108	110	112	114	116	118	120	122	124
Acute_Fatal_49_1	48.0	1579.0	201460.0	305644.0	416746.0	455614.0	479530.0	448894.0	471297.0	624262.0	512192.0	700198.0	630721.0	1636105.0	1967812.0	1407995.0	1321364.0	1099118.0	1024501.0	1562870.0	1252373.0	1045352.0	836616.0	1072899.0	1100461.0	1483094.0	2544071.0	1161957.0	1098344.0	1816977.0	1396097.0	1062499.0	1187515.0	1276235.0	1394942.0	1111121.0	1365302.0	2459799.0	9843050.0	105770865.0
	46	48	50	52	54	56	58	60	62	64	66	68	70	72	74	76	78	80	82	84	86	88	90	92	94	96	98	100	102	104	106	108	110	112	114	116	118	120	122	124
Acute_Fatal_49_2	15.0	1566.0	264150.0	365359.0	495823.0	488365.0	723041.0	455635.0	516898.0	465447.0	596821.0	823537.0	799054.0	1880926.0	2013405.0	1367615.0	1676563.0	1326572.0	1038658.0	1255660.0	1271234.0	1006691.0	895482.0	888337.0	1037383.0	1471067.0	2717623.0	1370458.0	1076439.0	1791058.0	1471577.0	1163584.0	1300868.0	1276296.0	1445796.0	1210369.0	3561184.0	2258260.0	6412604.0	105366099.0
	46	48	50	52	54	56	58	60	62	64	66	68	70	72	74	76	78	80	82	84	86	88	90	92	94	96	98	100	102	104	106	108	110	112	114	116	118	120	122	124
Acute_Fatal_4_1	6.0	129.0	21465.0	27652.0	34471.0	50759.0	51878.0	55444.0	57884.0	85812.0	61767.0	66524.0	68722.0	120088.0	192347.0	175372.0	205002.0	204181.0	173721.0	271830.0	229447.0	197560.0	148798.0	184863.0	165140.0	235748.0	298609.0	205511.0	186396.0	266678.0	220833.0	174945.0	186719.0	211027.0	208253.0	198789.0	245247.0	490755.0	1875590.0	16683821.0
	46	48	50	52	54	56	58	60	62	64	66	68	70	72	74	76	78	80	82	84	86	88	90	92	94	96	98	100	102	104	106	108	110	112	114	116	118	120	122	124
Acute_Fatal_4_2	1.0	114.0	28580.0	38587.0	47627.0	60157.0	92087.0	56852.0	60623.0	57377.0	68541.0	88990.0	115072.0	168394.0	219851.0	171025.0	272733.0	237866.0	173292.0	203582.0	229359.0	171062.0	151283.0	148077.0	151843.0	238716.0	328150.0	228361.0	188756.0	271769.0	235638.0	192779.0	218653.0	213041.0	219947.0	209733.0	819361.0	524846.0	993796.0	16643262.0
	46	48	50	52	54	56	58	60	62	64	66	68	70	72	74	76	78	80	82	84	86	88	90	92	94	96	98	100	102	104	106	108	110	112	114	116	118	120	122	124
Acute_Fatal_52_1	6.0	258.0	42144.0	59319.0	65238.0	76329.0	77914.0	83746.0	90797.0	113301.0	109646.0	168757.0	144115.0	330097.0	338090.0	275956.0	258377.0	232168.0	212067.0	315246.0	280427.0	251436.0	223948.0	285602.0	322018.0	381876.0	581767.0	308003.0	332583.0	631105.0	397968.0	306601.0	348182.0	403148.0	461164.0	372570.0	441243.0	746867.0	2861308.0	36061781.0
	46	48	50	52	54	56	58	60	62	64	66	68	70	72	74	76	78	80	82	84	86	88	90	92	94	96	98	100	102	104	106	108	110	112	114	116	118	120	122	124
Acute_Fatal_52_2	1.0	374.0	68707.0	76737.0	87153.0	92459.0	116563.0	94971.0	161180.0	135110.0	151271.0	203797.0	189812.0	398708.0	384624.0	295252.0	361442.0	294834.0	247910.0	292883.0	306416.0	275861.0	247011.0	261185.0	322692.0	388044.0	628342.0	375890.0	327728.0	625305.0	420487.0	326526.0	377396.0	416849.0	479949.0	414961.0	974855.0	764845.0	2245489.0	35159549.0
	46	48	50	52	54	56	58	60	62	64	66	68	70	72	74	76	78	80	82	84	86	88	90	92	94	96	98	100	102	104	106	108	110	112	114	116	118	120	122	124
Acute_Fatal_57_1	2.0	109.0	17503.0	24132.0	28113.0	36085.0	41622.0	43878.0	48474.0	94553.0	48456.0	72389.0	59770.0	143274.0	168351.0	127627.0	144647.0	138007.0	122744.0	241662.0	191046.0	148251.0	112559.0	159183.0	134929.0	190698.0	347164.0	148756.0	126028.0	177731.0	177549.0	135345.0	153762.0	166972.0	172632.0	148320.0	198090.0	373904.0	1505883.0	15346021.0
	46	48	50	52	54	56	58	60	62	64	66	68	70	72	74	76	78	80	82	84	86	88	90	92	94	96	98	100	102	104	106	108	110	112	114	116	118	120	122	124
Acute_Fatal_57_2	5.0	101.0	30704.0	40710.0	46839.0	53678.0	108614.0	53895.0	58377.0	50980.0	59782.0	85278.0	79401.0	170702.0	203767.0	132601.0	243617.0	214756.0	139579.0	167960.0	181502.0	130487.0	106057.0	106361.0	124572.0	195315.0	381015.0	182702.0	126985.0	173483.0	192283.0	150892.0	174071.0	178905.0	183113.0	159003.0	407764.0	417593.0	1003852.0	15198920.0
	46	48	50	52	54	56	58	60	62	64	66	68	70	72	74	76	78	80	82	84	86	88	90	92	94	96	98	100	102	104	106	108	110	112	114	116	118	120	122	124
Acute_Fatal_58_1	6.0	209.0	26009.0	39175.0	48754.0	85847.0	73973.0	80179.0	84143.0	123792.0	83807.0	99804.0	102723.0	155872.0	239400.0	285306.0	318026.0	304977.0	231535.0	358913.0	285937.0	231848.0	192500.0	231913.0	201485.0	293583.0	354334.0	274541.0	227837.0	343402.0	280889.0	229983.0	237094.0	232300.0	240557.0	244098.0	302393.0	551228.0	1396902.0	15973783.0
	46	48	50	52	54	56	58	60	62	64	66	68	70	72	74	76	78	80	82	84	86	88	90	92	94	96	98	100	102	104	106	108	110	112	114	116	118	120	122	124
Acute_Fatal_58_2	3.0	137.0	38552.0	52401.0	63938.0	99988.0	145621.0	81124.0	89120.0	79285.0	92921.0	145904.0	221109.0	251645.0	258256.0	233977.0	381660.0	333311.0	226116.0	255893.0	275167.0	212425.0	186044.0	175073.0	170843.0	288532.0	384354.0	291590.0	227542.0	346174.0	289294.0	249769.0	257399.0	240535.0	253616.0	235877.0	653075.0	538957.0	958325.0	15783505.0
	46	48	50	52	54	56	58	60	62	64	66	68	70	72	74	76	78	80	82	84	86	88	90	92	94	96	98	100	102	104	106	108	110	112	114	116	118	120	122	124
Acute_Fatal_5_1	1.0	145.0	14889.0	19147.0	22840.0	27059.0	30458.0	32277.0	36505.0	52702.0	38561.0	56356.0	51096.0	116952.0	138064.0	96707.0	99401.0	91476.0	81938.0	132271.0	115414.0	97462.0	80551.0	100742.0	98642.0	134690.0	250556.0	104414.0	95130.0	124953.0	131662.0	104408.0	117358.0	133802.0	133770.0	108979.0	132097.0	240107.0	936834.0	10223056.0
	46	48	50	52	54	56	58	60	62	64	66	68	70	72	74	76	78	80	82	84	86	88	90	92	94	96	98	100	102	104	106	108	110	112	114	116	118	120	122	124
Acute_Fatal_5_2	2.0	116.0	32570.0	33788.0	39443.0	43274.0	63812.0	44566.0	48282.0	45827.0	55126.0	71425.0	68321.0	141747.0	160486.0	103966.0	140967.0	123326.0	92751.0	113365.0	123194.0	101888.0	87062.0	88597.0	101844.0	138945.0	279131.0	130820.0	101090.0	132734.0	148153.0	121631.0	139563.0	151148.0	147595.0	121311.0	292328.0	272527.0	674491.0	9826260.0
	46	48	50	52	54	56	58	60	62	64	66	68	70	72	74	76	78	80	82	84	86	88	90	92	94	96	98	100	102	104	106	108	110	112	114	116	118	120	122	124
Acute_Fatal_64_1	7.0	322.0	36866.0	50822.0	60134.0	79557.0	88749.0	103787.0	111327.0	184983.0	100371.0	120176.0	120367.0	224431.0	274431.0	256074.0	268125.0	281511.0	245553.0	402276.0	333237.0	267285.0	220381.0	265728.0	250231.0	347311.0	471475.0	274193.0	242556.0	363643.0	311303.0	250842.0	264643.0	279025.0	274661.0	249220.0	304628.0	535479.0	2090878.0	20819946.0
	46	48	50	52	54	56	58	60	62	64	66	68	70	72	74	76	78	80	82	84	86	88	90	92	94	96	98	100	102	104	106	108	110	112	114	116	118	120	122	124
Acute_Fatal_64_2	5.0	381.0	62966.0	86986.0	99682.0	114329.0	203850.0	117569.0	123634.0	108875.0	119433.0	145352.0	162101.0	280327.0	342421.0	268679.0	427841.0	384859.0	260134.0	285265.0	319488.0	255480.0	220412.0	202996.0	229749.0	353541.0	521499.0	317412.0	250963.0	370067.0	339327.0	278659.0	305578.0	311215.0	299079.0	271720.0	703530.0	598149.0	1359074.0	20323907.0
	46	48	50	52	54	56	58	60	62	64	66	68	70	72	74	76	78	80	82	84	86	88	90	92	94	96	98	100	102	104	106	108	110	112	114	116	118	120	122	124
Acute_Fatal_65_1	3.0	138.0	14931.0	22712.0	29766.0	47848.0	32202.0	31859.0	31003.0	28573.0	36592.0	46686.0	34750.0	64044.0	87971.0	126840.0	109002.0	118061.0	82552.0	71527.0	67159.0	53091.0	42653.0	46754.0	54355.0	82806.0	85573.0	55214.0	70323.0	108440.0	67487.0	68724.0	76564.0	80844.0	95509.0	90224.0	110264.0	235140.0	459075.0	5990398.0
	46	48	50	52	54	56	58	60	62	64	66	68	70	72	74	76	78	80	82	84	86	88	90	92	94	96	98	100	102	104	106	108	110	112	114	116	118	120	122	124
Acute_Fatal_65_2	1.0	102.0	19266.0	25641.0	29743.0	48888.0	44788.0	25208.0	49627.0	29444.0	38821.0	60131.0	128975.0	115869.0	85786.0	84960.0	63841.0	71606.0	65395.0	70180.0	61980.0	53680.0	50544.0	53469.0	51673.0	85006.0	92638.0	59654.0	71462.0	107275.0	65650.0	79551.0	85092.0	77773.0	100169.0	90500.0	260430.0	144107.0	290347.0	6018385.0
	47	52	57	62	67	72	77	82	87	92	97	102	107	112	117	122	127	132	137	142	147	150
Acute_Fatal_67_1	65.0	11025.0	15031.0	17273.0	24031.0	41466.0	34365.0	30782.0	36365.0	39052.0	58210.0	62048.0	63130.0	59696.0	63513.0	79357.0	86754.0	85983.0	283010.0	120901.0	507693.0	2277550.0
	47	52	57	62	67	72	77	82	87	92	97	102	107	112	117	122	127	132	137	142	147	150
Acute_Fatal_67_2	101.0	20366.0	22711.0	22954.0	26964.0	45067.0	37533.0	36372.0	41029.0	48206.0	55276.0	23898.0	19933.0	46807.0	222362.0	440996.0	2012572.0	535233.0	118754.0	104268.0	28935.0	86963.0
	46	48	50	52	54	56	58	60	62	64	66	68	70	72	74	76	78	80	82	84	86	88	90	92	94	96	98	100	102	104	106	108	110	112	114	116	118	120	122	124
Acute_Fatal_68_1	55.0	1644.0	150871.0	209567.0	255388.0	308002.0	295073.0	302835.0	324753.0	417815.0	374053.0	496145.0	436429.0	1006205.0	1102085.0	895969.0	802855.0	745233.0	648557.0	930430.0	771309.0	697526.0	584595.0	719844.0	788506.0	1095133.0	1516754.0	805776.0	839494.0	1458199.0	1048092.0	852353.0	944829.0	1037315.0	1078447.0	885537.0	1054035.0	1925987.0	7006966.0	83238939.0
	46	48	50	52	54	56	58	60	62	64	66	68	70	72	74	76	78	80	82	84	86	88	90	92	94	96	98	100	102	104	106	108	110	112	114	116	118	120	122	124
Acute_Fatal_68_2	24.0	1701.0	228338.0	277717.0	332443.0	356801.0	473306.0	336696.0	364958.0	352167.0	454457.0	614252.0	614364.0	1175562.0	1179887.0	896372.0	972649.0	867650.0	694115.0	840767.0	815058.0	744540.0	694221.0	674922.0	787829.0	1098899.0	1700466.0	1005402.0	850948.0	1466071.0	1133126.0	952287.0	1040877.0	1117252.0	1139991.0	1015149.0	2601176.0	1751244.0	4945779.0	81484137.0
	46	48	50	52	54	56	58	60	62	64	66	68	70	72	74	76	78	80	82	84	86	88	90	92	94	96	98	100	102	104	106	108	110	112	114	116	118	120	122	124
Acute_Fatal_69_1	10.0	371.0	32387.0	40556.0	45836.0	57226.0	57171.0	58089.0	68389.0	77481.0	78913.0	113847.0	96722.0	174713.0	155779.0	140010.0	129452.0	131389.0	131070.0	143096.0	143462.0	140989.0	135568.0	143842.0	169819.0	228526.0	212194.0	177796.0	193415.0	305133.0	233084.0	224378.0	222018.0	240850.0	249678.0	230185.0	281585.0	514690.0	1558305.0	20944651.0
	46	48	50	52	54	56	58	60	62	64	66	68	70	72	74	76	78	80	82	84	86	88	90	92	94	96	98	100	102	104	106	108	110	112	114	116	118	120	122	124
Acute_Fatal_69_2	3.0	333.0	47965.0	57779.0	59478.0	64352.0	79662.0	68900.0	83020.0	77743.0	95762.0	121496.0	111580.0	193766.0	170734.0	148614.0	152345.0	152221.0	139643.0	142167.0	157738.0	154428.0	160560.0	147396.0	171438.0	224549.0	233872.0	218366.0	200289.0	304190.0	248170.0	239666.0	237007.0	264794.0	248499.0	282302.0	553178.0	600340.0	1663746.0	20004584.0
	48	50	52	54	56	58	60	62	64	66	68	70	72	74	76	78	80	82	84	86	88	90	92	94	96	98	100	102	104	106	108	110	112	114	116	118	120	122	124
Acute_Fatal_6_1	147.0	18457.0	25363.0	29841.0	40108.0	45640.0	47528.0	49707.0	85840.0	51081.0	77911.0	64878.0	148363.0	176594.0	127399.0	142219.0	124681.0	107338.0	180203.0	150074.0	122006.0	93328.0	119141.0	111053.0	159257.0	297256.0	123431.0	106064.0	145830.0	155253.0	117289.0	133924.0	149632.0	148401.0	123524.0	159940.0	296879.0	1160440.0	12073523.0
	46	48	50	52	54	56	58	60	62	64	66	68	70	72	74	76	78	80	82	84	86	88	90	92	94	96	98	100	102	104	106	108	110	112	114	116	118	120	122	124
Acute_Fatal_6_2	1.0	105.0	29855.0	40774.0	48484.0	55231.0	98477.0	52885.0	55969.0	52503.0	63361.0	93365.0	85795.0	180337.0	201567.0	128613.0	198186.0	159289.0	111473.0	138353.0	150867.0	116516.0	95359.0	93749.0	104205.0	162159.0	326199.0	148154.0	107449.0	146339.0	168091.0	132138.0	149429.0	159226.0	157979.0	131926.0	367999.0	315218.0	777026.0	11884892.0
	47	52	57	62	67	72	77	82	87	92	97	102	107	112	117	122	127	132	137	142	147	150
Acute_Fatal_70_1	41.0	7178.0	9364.0	11553.0	14108.0	21411.0	21373.0	20247.0	23531.0	23720.0	35594.0	37926.0	37865.0	40199.0	40056.0	57692.0	56318.0	54952.0	109515.0	67876.0	303049.0	1264162.0
	47	52	57	62	67	72	77	82	87	92	97	102	107	112	117	122	127	132	137	142	147	150
Acute_Fatal_70_2	99.0	14754.0	16715.0	17117.0	17343.0	25559.0	25126.0	25422.0	27412.0	29553.0	34945.0	15665.0	14282.0	34338.0	154440.0	283217.0	1096826.0	272141.0	58809.0	46158.0	13634.0	34175.0
	46	48	50	52	54	56	58	60	62	64	66	68	70	72	74	76	78	80	82	84	86	88	90	92	94	96	98	100	102	104	106	108	110	112	114	116	118	120	122	124
Acute_Fatal_71_1	11.0	245.0	26470.0	32050.0	35571.0	45550.0	50245.0	53801.0	58797.0	73363.0	67138.0	92475.0	86625.0	106043.0	140337.0	164610.0	183571.0	176234.0	190222.0	275590.0	235338.0	266346.0	268079.0	241635.0	195077.0	246375.0	325942.0	202447.0	183917.0	259871.0	341772.0	293611.0	301469.0	336867.0	415971.0	350991.0	408659.0	644852.0	2282471.0	30757714.0
	46	48	50	52	54	56	58	60	62	64	66	68	70	72	74	76	78	80	82	84	86	88	90	92	94	96	98	100	102	104	106	108	110	112	114	116	118	120	122	124
Acute_Fatal_71_2	3.0	218.0	48575.0	54528.0	59709.0	65164.0	83541.0	74881.0	80925.0	83168.0	93667.0	121143.0	118927.0	142841.0	184165.0	180721.0	254697.0	220396.0	213656.0	254169.0	261515.0	297048.0	297039.0	243688.0	211171.0	261963.0	383949.0	239966.0	214971.0	291120.0	371097.0	315651.0	348828.0	397744.0	401754.0	346124.0	1492285.0	623196.0	2145126.0	28939023.0
	46	48	50	52	54	56	58	60	62	64	66	68	70	72	74	76	78	80	82	84	86	88	90	92	94	96	98	100	102	104	106	108	110	112	114	116	118	120	122	124
Acute_Fatal_73_1	4.0	112.0	18449.0	24710.0	29587.0	42711.0	41825.0	43516.0	45254.0	61298.0	44770.0	64406.0	59959.0	89565.0	128927.0	132710.0	155008.0	144516.0	116729.0	180966.0	150125.0	128113.0	106664.0	148944.0	137239.0	282606.0	351076.0	223049.0	157222.0	252188.0	264499.0	206027.0	224219.0	236639.0	237072.0	220633.0	316111.0	575880.0	2413513.0	25916369.0
	46	48	50	52	54	56	58	60	62	64	66	68	70	72	74	76	78	80	82	84	86	88	90	92	94	96	98	100	102	104	106	108	110	112	114	116	118	120	122	124
Acute_Fatal_73_2	2.0	119.0	33883.0	40194.0	45234.0	56684.0	78482.0	51800.0	55674.0	54723.0	60922.0	94051.0	119686.0	147426.0	151155.0	128474.0	199188.0	175666.0	127058.0	152050.0	168462.0	137866.0	131619.0	129622.0	125090.0	282869.0	395907.0	267402.0	171234.0	251310.0	281250.0	229916.0	254597.0	257078.0	250225.0	249342.0	946764.0	582331.0	1366609.0	25721246.0
	46	48	50	52	54	56	58	60	62	64	66	68	70	72	74	76	78	80	82	84	86	88	90	92	94	96	98	100	102	104	106	108	110	112	114	116	118	120	122	124
Acute_Fatal_76_1	5.0	249.0	25221.0	39192.0	46728.0	53690.0	48256.0	54834.0	60842.0	57722.0	71465.0	69792.0	79181.0	113643.0	142823.0	159938.0	171828.0	165588.0	140565.0	160888.0	143614.0	143989.0	134177.0	140050.0	142943.0	233869.0	254805.0	211332.0	206379.0	266379.0	235930.0	216373.0	233475.0	220344.0	228503.0	233390.0	344632.0	761646.0	995973.0	13580398.0
	46	48	50	52	54	56	58	60	62	64	66	68	70	72	74	76	78	80	82	84	86	88	90	92	94	96	98	100	102	104	106	108	110	112	114	116	118	120	122	124
Acute_Fatal_76_2	2.0	178.0	35482.0	47893.0	53673.0	61162.0	67504.0	57838.0	68361.0	63823.0	81198.0	89141.0	118321.0	151132.0	130606.0	155792.0	164230.0	161392.0	143616.0	169442.0	149641.0	147114.0	149577.0	156630.0	136183.0	238191.0	269704.0	236289.0	208499.0	259459.0	230886.0	218775.0	259487.0	214697.0	233902.0	234061.0	527115.0	690089.0	755474.0	13454092.0
	46	48	50	52	54	56	58	60	62	64	66	68	70	72	74	76	78	80	82	84	86	88	90	92	94	96	98	100	102	104	106	108	110	112	114	116	118	120	122	124
Acute_Fatal_86_1	5.0	47.0	16052.0	18436.0	20657.0	26049.0	28724.0	30940.0	33731.0	54245.0	33411.0	46812.0	40261.0	60360.0	83273.0	78422.0	102976.0	93479.0	88632.0	174093.0	144155.0	114938.0	97174.0	144598.0	125518.0	310784.0	344580.0	181525.0	143326.0	219467.0	238207.0	178661.0	198287.0	214956.0	221471.0	202255.0	302582.0	588277.0	3431538.0	32928782.0
	48	50	52	54	56	58	60	62	64	66	68	70	72	74	76	78	80	82	84	86	88	90	92	94	96	98	100	102	104	106	108	110	112	114	116	118	120	122	124
Acute_Fatal_86_2	55.0	37028.0	40727.0	42314.0	46405.0	69013.0	50637.0	55591.0	52278.0	53937.0	67136.0	68331.0	96787.0	119788.0	97333.0	189290.0	178315.0	121735.0	149423.0	168796.0	127320.0	130482.0	110533.0	124711.0	311041.0	398280.0	244119.0	165405.0	219082.0	268867.0	206925.0	245495.0	259245.0	254430.0	256954.0	1061460.0	657456.0	1767934.0	32847028.0
	46	48	50	52	54	56	58	60	62	64	66	68	70	72	74	76	78	80	82	84	86	88	90	92	94	96	98	100	102	104	106	108	110	112	114	116	118	120	122	124
Acute_Fatal_87_1	4.0	70.0	12902.0	15152.0	16817.0	20234.0	22731.0	24183.0	28612.0	32752.0	30549.0	35900.0	38356.0	39494.0	50210.0	50386.0	52591.0	54721.0	55024.0	73987.0	70870.0	69593.0	71397.0	80994.0	84634.0	158561.0	130290.0	112063.0	97600.0	123052.0	128237.0	115565.0	127713.0	134590.0	133788.0	128088.0	170192.0	249325.0	924881.0	10787743.0
	46	48	50	52	54	56	58	60	62	64	66	68	70	72	74	76	78	80	82	84	86	88	90	92	94	96	98	100	102	104	106	108	110	112	114	116	118	120	122	124
Acute_Fatal_87_2	1.0	86.0	22837.0	24311.0	25445.0	28110.0	33192.0	32039.0	41562.0	41878.0	41104.0	48652.0	54397.0	55798.0	66642.0	63508.0	79487.0	77310.0	74436.0	83817.0	86342.0	81840.0	92676.0	84283.0	90602.0	156916.0	146492.0	137563.0	107547.0	124271.0	143212.0	127303.0	139407.0	189820.0	151894.0	147317.0	340397.0	277071.0	690839.0	10343447.0
	46	48	50	52	54	56	58	60	62	64	66	68	70	72	74	76	78	80	82	84	86	88	90	92	94	96	98	100	102	104	106	108	110	112	114	116	118	120	122	124
Acute_Fatal_92_1	4.0	102.0	16411.0	22652.0	24102.0	30415.0	30912.0	36719.0	40352.0	62697.0	38836.0	48445.0	50903.0	56593.0	79242.0	86235.0	94617.0	88647.0	78765.0	150372.0	116978.0	98435.0	85463.0	110129.0	103391.0	275059.0	268188.0	161828.0	115474.0	176955.0	199627.0	146175.0	163969.0	159755.0	183124.0	172200.0	257512.0	432320.0	1608486.0	21061775.0
	48	50	52	54	56	58	60	62	64	66	68	70	72	74	76	78	80	82	84	86	88	90	92	94	96	98	100	102	104	106	108	110	112	114	116	118	120	122	124
Acute_Fatal_92_2	91.0	27096.0	33184.0	35135.0	40256.0	63982.0	45293.0	49840.0	47583.0	48334.0	59208.0	68656.0	79531.0	94061.0	87348.0	156646.0	133981.0	95105.0	111710.0	126568.0	100805.0	106076.0	86655.0	99017.0	267675.0	305659.0	205422.0	126619.0	165577.0	209582.0	156615.0	188436.0	177061.0	191327.0	196439.0	576304.0	535988.0	1189232.0	20645767.0
	48	50	52	54	56	58	60	62	64	66	68	70	72	74	76	78	80	82	84	86	88	90	92	94	96	98	100	102	104	106	108	110	112	114	116	118	120	122	124
Acute_Fatal_93_1	58.0	11411.0	14773.0	15357.0	19971.0	21532.0	24338.0	26052.0	46921.0	25576.0	31802.0	34977.0	40919.0	55915.0	56492.0	64028.0	60611.0	55188.0	107343.0	93467.0	74187.0	67562.0	85002.0	80871.0	173158.0	189639.0	118482.0	98350.0	135109.0	140982.0	109679.0	123810.0	148637.0	153305.0	134859.0	196886.0	357209.0	1900524.0	19642871.0
	46	48	50	52	54	56	58	60	62	64	66	68	70	72	74	76	78	80	82	84	86	88	90	92	94	96	98	100	102	104	106	108	110	112	114	116	118	120	122	124
Acute_Fatal_93_2	1.0	49.0	21021.0	25736.0	26385.0	29680.0	50065.0	31571.0	33467.0	32588.0	34587.0	40529.0	44446.0	60209.0	70229.0	62579.0	112934.0	98741.0	69637.0	83121.0	104901.0	80030.0	78718.0	66309.0	79340.0	172722.0	217000.0	159557.0	102930.0	129479.0	155830.0	122599.0	143080.0	162577.0	164581.0	163152.0	579453.0	433159.0	1155179.0	19539682.0
	46	48	50	52	54	56	58	60	62	64	66	68	70	72	74	76	78	80	82	84	86	88	90	92	94	96	98	100	102	104	106	108	110	112	114	116	118	120	122	124
Acute_Fatal_96_1	1.0	71.0	14117.0	15057.0	18281.0	21068.0	25123.0	26428.0	26005.0	30562.0	33148.0	37657.0	41739.0	46460.0	55268.0	55351.0	56130.0	59216.0	74461.0	85873.0	111621.0	119638.0	104472.0	126953.0	132676.0	144547.0	136848.0	140126.0	186924.0	175217.0	221171.0	227787.0	245876.0	304461.0	257881.0	290151.0	581074.0	769663.0	2610794.0	28364925.0
	46	48	50	52	54	56	58	60	62	64	66	68	70	72	74	76	78	80	82	84	86	88	90	92	94	96	98	100	102	104	106	108	110	112	114	116	118	120	122	124
Acute_Fatal_96_2	1.0	71.0	23710.0	24104.0	28062.0	28721.0	31158.0	34083.0	35151.0	38093.0	40594.0	46403.0	48952.0	57521.0	62652.0	61928.0	69608.0	77812.0	84162.0	93567.0	122197.0	137752.0	119845.0	135102.0	136844.0	152994.0	144175.0	150196.0	181399.0	193394.0	255336.0	273254.0	276520.0	330984.0	273011.0	333346.0	699588.0	848115.0	2547114.0	27777302.0
	46	48	50	52	54	56	58	60	62	64	66	68	70	72	74	76	78	80	82	84	86	88	90	92	94	96	98	100	102	104	106	108	110	112	114	116	118	120	122	124
Acute_Fatal_97_1	17.0	558.0	49151.0	74978.0	99139.0	106231.0	96508.0	98338.0	108985.0	173415.0	126974.0	165316.0	129380.0	306544.0	357168.0	270794.0	228715.0	213040.0	187786.0	314528.0	227274.0	195800.0	143939.0	182133.0	176372.0	256158.0	452852.0	185096.0	168932.0	288525.0	223305.0	158603.0	165883.0	171227.0	180070.0	149512.0	167499.0	287099.0	1009133.0	10463588.0
	46	48	50	52	54	56	58	60	62	64	66	68	70	72	74	76	78	80	82	84	86	88	90	92	94	96	98	100	102	104	106	108	110	112	114	116	118	120	122	124
Acute_Fatal_97_2	6.0	439.0	63293.0	93069.0	114801.0	112343.0	177857.0	101107.0	106627.0	99541.0	135723.0	179864.0	153368.0	336708.0	373087.0	264454.0	310679.0	254531.0	188814.0	239001.0	223829.0	174584.0	156036.0	144803.0	164574.0	251632.0	489457.0	202239.0	167774.0	286990.0	233129.0	169571.0	181368.0	178359.0	185391.0	155859.0	484837.0	257638.0	621324.0	10325859.0
	46	48	50	52	54	56	58	60	62	64	66	68	70	72	74	76	78	80	82	84	86	88	90	92	94	96	98	100	102	104	106	108	110	112	114	116	118	120	122	124
Acute_Fatal_99_1	34.0	828.0	44135.0	64511.0	84216.0	87696.0	77110.0	77939.0	87193.0	113551.0	103111.0	133181.0	114810.0	224582.0	267666.0	229705.0	195039.0	176533.0	160023.0	230280.0	172345.0	158790.0	134068.0	146871.0	154889.0	226235.0	349747.0	162910.0	165490.0	276110.0	213131.0	161510.0	157568.0	162132.0	173356.0	152742.0	165669.0	255954.0	633063.0	8119891.0
	46	48	50	52	54	56	58	60	62	64	66	68	70	72	74	76	78	80	82	84	86	88	90	92	94	96	98	100	102	104	106	108	110	112	114	116	118	120	122	124
Acute_Fatal_99_2	13.0	794.0	55532.0	76140.0	93586.0	90106.0	112940.0	81671.0	90138.0	89654.0	113656.0	147220.0	138039.0	251037.0	275978.0	221723.0	229533.0	191354.0	159012.0	194177.0	169967.0	156210.0	144868.0	130473.0	143998.0	211842.0	377550.0	179590.0	158109.0	265414.0	216227.0	164079.0	161519.0	160783.0	169981.0	152969.0	312985.0	244544.0	554015.0	7927188.0
	46	48	50	52	54	56	58	60	62	64	66	68	70	72	74	76	78	80	82	84	86	88	90	92	94	96	98	100	102	104	106	108	110	112	114	116	118	120	122	124
Acute_Fatal_9_1	4.0	150.0	24583.0	35142.0	38257.0	50860.0	54529.0	62351.0	64359.0	102428.0	60740.0	77947.0	76632.0	128675.0	173889.0	154362.0	178642.0	175414.0	155336.0	266188.0	228826.0	183827.0	153450.0	187900.0	181441.0	293632.0	428550.0	235599.0	192206.0	281619.0	261040.0	198983.0	218947.0	249862.0	252501.0	222466.0	274205.0	508673.0	2440263.0	21733180.0
	46	48	50	52	54	56	58	60	62	64	66	68	70	72	74	76	78	80	82	84	86	88	90	92	94	96	98	100	102	104	106	108	110	112	114	116	118	120	122	124
Acute_Fatal_9_2	4.0	138.0	36898.0	50970.0	57650.0	67515.0	112762.0	68038.0	69272.0	63690.0	72975.0	90647.0	97354.0	169043.0	208307.0	157187.0	266154.0	235798.0	158205.0	195762.0	226689.0	173874.0	147285.0	131622.0	158131.0	286853.0	465677.0	276125.0	185111.0	272284.0	274401.0	211071.0	238779.0	258694.0	263967.0	240582.0	821500.0	528920.0	1320513.0	21947211.0
	46	48	50	52	54	56	58	60	62	64	66	68	70	72	74	76	78	80	82	84	86	88	90	92	94	96	98	100	102	104	106	108	110	112	114	116	118	120	122	124
Acute_Survivor_10_1	16.0	191.0	29040.0	39483.0	50035.0	54435.0	58274.0	58339.0	61106.0	74185.0	73465.0	103735.0	90690.0	187861.0	222171.0	179509.0	167476.0	146243.0	136850.0	186472.0	158033.0	148296.0	129113.0	142184.0	164978.0	223799.0	316699.0	179693.0	206222.0	379208.0	253853.0	207996.0	227985.0	246620.0	270320.0	229120.0	310999.0	531613.0	1967179.0	27388176.0
	46	48	50	52	54	56	58	60	62	64	66	68	70	72	74	76	78	80	82	84	86	88	90	92	94	96	98	100	102	104	106	108	110	112	114	116	118	120	122	124
Acute_Survivor_10_2	3.0	183.0	39300.0	48847.0	62155.0	61855.0	81437.0	64991.0	69644.0	66355.0	87697.0	117895.0	110587.0	219188.0	226863.0	178534.0	191653.0	165774.0	141452.0	173131.0	166363.0	156022.0	150167.0	139454.0	165615.0	228035.0	348340.0	226014.0	212876.0	380827.0	274793.0	222112.0	254639.0	259299.0	286426.0	262702.0	733793.0	545165.0	1636961.0	26844515.0
	46	48	50	52	54	56	58	60	62	64	66	68	70	72	74	76	78	80	82	84	86	88	90	92	94	96	98	100	102	104	106	108	110	112	114	116	118	120	122	124
Acute_Survivor_11_1	24.0	694.0	76571.0	113312.0	137309.0	152989.0	143914.0	148617.0	160907.0	191273.0	186561.0	265839.0	217196.0	469926.0	458203.0	393872.0	340727.0	302943.0	273328.0	373184.0	336935.0	297261.0	258521.0	290329.0	327250.0	431036.0	597824.0	302802.0	331388.0	577624.0	376525.0	296026.0	320739.0	368227.0	399775.0	322397.0	365448.0	619988.0	2268914.0	26886879.0
	46	48	50	52	54	56	58	60	62	64	66	68	70	72	74	76	78	80	82	84	86	88	90	92	94	96	98	100	102	104	106	108	110	112	114	116	118	120	122	124
Acute_Survivor_11_2	5.0	716.0	100958.0	133518.0	160943.0	163042.0	196443.0	155845.0	167331.0	163716.0	217765.0	293508.0	244912.0	523100.0	474190.0	389117.0	391846.0	344560.0	278140.0	337700.0	358716.0	303836.0	284968.0	263374.0	313475.0	421302.0	646249.0	380645.0	322632.0	565682.0	398200.0	317299.0	356321.0	385242.0	417517.0	351463.0	829870.0	616564.0	1719930.0	26392637.0
	46	48	50	52	54	56	58	60	62	64	66	68	70	72	74	76	78	80	82	84	86	88	90	92	94	96	98	100	102	104	106	108	110	112	114	116	118	120	122	124
Acute_Survivor_12_1	2.0	83.0	9898.0	13849.0	16776.0	19585.0	19286.0	19731.0	21822.0	28422.0	26695.0	43507.0	34245.0	94688.0	100904.0	74383.0	65467.0	55671.0	49894.0	74761.0	62901.0	56106.0	53755.0	68260.0	77964.0	89148.0	123178.0	73195.0	77508.0	130405.0	83470.0	66866.0	77515.0	84639.0	95098.0	82050.0	90484.0	150640.0	584684.0	7400883.0
	46	48	50	52	54	56	58	60	62	64	66	68	70	72	74	76	78	80	82	84	86	88	90	92	94	96	98	100	102	104	106	108	110	112	114	116	118	120	122	124
Acute_Survivor_12_2	1.0	102.0	16838.0	19530.0	23600.0	24322.0	31982.0	25107.0	27326.0	26891.0	34968.0	52163.0	43222.0	104215.0	109510.0	75618.0	82605.0	71604.0	55601.0	67430.0	67304.0	63345.0	61891.0	65907.0	80103.0	88799.0	136764.0	92180.0	77934.0	131449.0	91884.0	74683.0	87936.0	92437.0	103914.0	91098.0	202359.0	157436.0	471326.0	7167034.0
	46	48	50	52	54	56	58	60	62	64	66	68	70	72	74	76	78	80	82	84	86	88	90	92	94	96	98	100	102	104	106	108	110	112	114	116	118	120	122	124
Acute_Survivor_13_1	2.0	130.0	16234.0	19099.0	24408.0	22745.0	25630.0	24775.0	29352.0	45324.0	37725.0	64259.0	50749.0	195448.0	227758.0	109669.0	75826.0	71200.0	69871.0	187613.0	143117.0	128863.0	122458.0	351259.0	272635.0	244328.0	325092.0	226148.0	130492.0	175775.0	129459.0	110558.0	160354.0	164550.0	225844.0	160587.0	187480.0	348548.0	1039290.0	16505942.0
	46	48	50	52	54	56	58	60	62	64	66	68	70	72	74	76	78	80	82	84	86	88	90	92	94	96	98	100	102	104	106	108	110	112	114	116	118	120	122	124
Acute_Survivor_13_2	3.0	93.0	28436.0	32389.0	38289.0	36365.0	56031.0	39767.0	49169.0	43405.0	57110.0	80429.0	68557.0	209842.0	244052.0	120977.0	161552.0	155969.0	114173.0	139466.0	138619.0	124934.0	121930.0	296337.0	293852.0	253151.0	358143.0	267467.0	128367.0	185026.0	154334.0	132898.0	173243.0	186428.0	250280.0	203313.0	300602.0	393926.0	1114018.0	15697654.0
	46	48	50	52	54	56	58	60	62	64	66	68	70	72	74	76	78	80	82	84	86	88	90	92	94	96	98	100	102	104	106	108	110	112	114	116	118	120	122	124
Acute_Survivor_14_1	12.0	552.0	73529.0	106507.0	133023.0	161896.0	148069.0	151071.0	159100.0	194821.0	174417.0	234540.0	203981.0	487528.0	499735.0	407362.0	360959.0	331246.0	293608.0	408517.0	344016.0	313966.0	263810.0	318899.0	361536.0	422107.0	557972.0	331937.0	365656.0	708002.0	410872.0	326138.0	351353.0	378220.0	403576.0	365621.0	445535.0	743640.0	2695406.0	31934637.0
	46	48	50	52	54	56	58	60	62	64	66	68	70	72	74	76	78	80	82	84	86	88	90	92	94	96	98	100	102	104	106	108	110	112	114	116	118	120	122	124
Acute_Survivor_14_2	6.0	688.0	103694.0	126710.0	158875.0	175190.0	217391.0	153628.0	208083.0	179873.0	212140.0	281927.0	267972.0	557342.0	531074.0	412351.0	461157.0	383497.0	319264.0	359871.0	357200.0	323721.0	290249.0	291910.0	353173.0	420010.0	596169.0	384895.0	360013.0	703681.0	431144.0	349523.0	389354.0	382065.0	424878.0	398456.0	980666.0	732765.0	1997111.0	31295656.0
	46	48	50	52	54	56	58	60	62	64	66	68	70	72	74	76	78	80	82	84	86	88	90	92	94	96	98	100	102	104	106	108	110	112	114	116	118	120	122	124
Acute_Survivor_15_1	55.0	1506.0	178241.0	247797.0	281795.0	322766.0	309595.0	328424.0	347429.0	416970.0	349963.0	390455.0	422350.0	591992.0	787004.0	803265.0	860973.0	735548.0	606511.0	888276.0	680466.0	621996.0	508532.0	508508.0	529400.0	757144.0	1114547.0	627402.0	600205.0	994141.0	763789.0	572607.0	593927.0	603397.0	679079.0	610224.0	688448.0	971815.0	2211053.0	26944639.0
	46	48	50	52	54	56	58	60	62	64	66	68	70	72	74	76	78	80	82	84	86	88	90	92	94	96	98	100	102	104	106	108	110	112	114	116	118	120	122	124
Acute_Survivor_15_2	16.0	1722.0	226520.0	261830.0	302224.0	330037.0	416378.0	319423.0	366742.0	347919.0	380753.0	440184.0	494231.0	724156.0	796922.0	769061.0	1038794.0	760630.0	593297.0	725931.0	690182.0	601452.0	540043.0	456953.0	499207.0	733896.0	1192900.0	709032.0	587861.0	956422.0	784166.0	599258.0	637703.0	582021.0	693492.0	612640.0	1154900.0	886863.0	1779174.0	26457299.0
	46	48	50	52	54	56	58	60	62	64	66	68	70	72	74	76	78	80	82	84	86	88	90	92	94	96	98	100	102	104	106	108	110	112	114	116	118	120	122	124
Acute_Survivor_16_1	5.0	290.0	48240.0	69048.0	78104.0	102297.0	111297.0	124421.0	120633.0	205122.0	115346.0	131365.0	127181.0	198421.0	277138.0	277089.0	320462.0	298293.0	257552.0	449306.0	349248.0	293477.0	229215.0	284977.0	253803.0	406243.0	539380.0	350513.0	281820.0	416072.0	368676.0	280284.0	300760.0	328223.0	336538.0	307153.0	396171.0	711317.0	3181325.0	28656812.0
	46	48	50	52	54	56	58	60	62	64	66	68	70	72	74	76	78	80	82	84	86	88	90	92	94	96	98	100	102	104	106	108	110	112	114	116	118	120	122	124
Acute_Survivor_16_2	8.0	338.0	66923.0	95178.0	108403.0	119480.0	213036.0	124811.0	148421.0	128318.0	132811.0	158698.0	168608.0	268260.0	334355.0	284480.0	510291.0	392682.0	278053.0	315577.0	367837.0	267722.0	232860.0	204717.0	236570.0	403092.0	585470.0	404306.0	283304.0	404292.0	387231.0	295561.0	339023.0	333638.0	351079.0	333085.0	1385999.0	794075.0	1765321.0	28359704.0
	46	48	50	52	54	56	58	60	62	64	66	68	70	72	74	76	78	80	82	84	86	88	90	92	94	96	98	100	102	104	106	108	110	112	114	116	118	120	122	124
Acute_Survivor_17_1	6.0	151.0	23522.0	34511.0	39775.0	55131.0	60171.0	65718.0	70723.0	138541.0	67000.0	86372.0	81327.0	153545.0	208087.0	175247.0	195585.0	183360.0	158650.0	313326.0	242584.0	185326.0	145765.0	187570.0	156674.0	221282.0	385139.0	184830.0	154273.0	219354.0	206273.0	155975.0	170012.0	179989.0	183483.0	164171.0	211299.0	391076.0	1390239.0	14879803.0
	46	48	50	52	54	56	58	60	62	64	66	68	70	72	74	76	78	80	82	84	86	88	90	92	94	96	98	100	102	104	106	108	110	112	114	116	118	120	122	124
Acute_Survivor_17_2	1.0	184.0	36768.0	51060.0	59625.0	73630.0	150733.0	73130.0	76556.0	66783.0	75483.0	101596.0	109415.0	190552.0	244789.0	172441.0	316783.0	267451.0	172379.0	209562.0	223730.0	159848.0	133636.0	122036.0	140260.0	222069.0	418033.0	211748.0	153293.0	220036.0	216252.0	170798.0	188869.0	190253.0	194227.0	171972.0	443488.0	415322.0	951618.0	14729456.0
	46	48	50	52	54	56	58	60	62	64	66	68	70	72	74	76	78	80	82	84	86	88	90	92	94	96	98	100	102	104	106	108	110	112	114	116	118	120	122	124
Acute_Survivor_18_1	9.0	254.0	38282.0	51329.0	58573.0	82802.0	88671.0	96444.0	101411.0	163260.0	97381.0	116741.0	116298.0	172947.0	247508.0	232745.0	272205.0	274180.0	238010.0	398397.0	331653.0	273203.0	225218.0	273226.0	267169.0	405293.0	483016.0	331704.0	275478.0	384547.0	352283.0	284937.0	307685.0	320969.0	316667.0	295961.0	383791.0	689034.0	2757003.0	26264886.0
	46	48	50	52	54	56	58	60	62	64	66	68	70	72	74	76	78	80	82	84	86	88	90	92	94	96	98	100	102	104	106	108	110	112	114	116	118	120	122	124
Acute_Survivor_18_2	3.0	223.0	58647.0	78209.0	89795.0	110560.0	182078.0	107731.0	111977.0	101639.0	109554.0	138899.0	156355.0	227997.0	299134.0	239409.0	407277.0	364104.0	252920.0	298425.0	328725.0	262798.0	230626.0	206755.0	228414.0	397312.0	527790.0	373661.0	276401.0	378123.0	370024.0	301688.0	339010.0	336038.0	334947.0	322280.0	936561.0	735433.0	1672841.0	26176807.0
	46	48	50	52	54	56	58	60	62	64	66	68	70	72	74	76	78	80	82	84	86	88	90	92	94	96	98	100	102	104	106	108	110	112	114	116	118	120	122	124
Acute_Survivor_19_1	2.0	48.0	4954.0	6192.0	7194.0	9462.0	10092.0	10078.0	11717.0	15520.0	12499.0	16938.0	15707.0	22327.0	29284.0	25187.0	25540.0	25961.0	21824.0	30570.0	27343.0	26343.0	23487.0	25908.0	25771.0	43071.0	52989.0	31243.0	30116.0	43376.0	44575.0	39535.0	46466.0	54367.0	54557.0	45202.0	59327.0	108955.0	532788.0	5271733.0
	48	50	52	54	56	58	60	62	64	66	68	70	72	74	76	78	80	82	84	86	88	90	92	94	96	98	100	102	104	106	108	110	112	114	116	118	120	122	124
Acute_Survivor_19_2	35.0	9669.0	11870.0	11971.0	12482.0	17795.0	13971.0	16541.0	16313.0	17043.0	21553.0	21681.0	29930.0	36251.0	29224.0	36793.0	33840.0	26030.0	30318.0	33552.0	30498.0	30351.0	27617.0	29043.0	46395.0	63757.0	42355.0	34777.0	46153.0	51707.0	44978.0	55395.0	62872.0	58176.0	53079.0	243689.0	96440.0	319931.0	5124173.0
	46	48	50	52	54	56	58	60	62	64	66	68	70	72	74	76	78	80	82	84	86	88	90	92	94	96	98	100	102	104	106	108	110	112	114	116	118	120	122	124
Acute_Survivor_1_1	3.0	92.0	16278.0	21317.0	24603.0	31612.0	32650.0	31734.0	33575.0	48305.0	40643.0	62764.0	52329.0	140658.0	162999.0	116508.0	114884.0	101994.0	92837.0	152371.0	126776.0	112435.0	92313.0	128487.0	135022.0	171699.0	281767.0	134059.0	127842.0	200133.0	160624.0	128777.0	144013.0	161798.0	175915.0	148985.0	191206.0	392375.0	1618922.0	18081799.0
	46	48	50	52	54	56	58	60	62	64	66	68	70	72	74	76	78	80	82	84	86	88	90	92	94	96	98	100	102	104	106	108	110	112	114	116	118	120	122	124
Acute_Survivor_1_2	1.0	91.0	25438.0	30975.0	36654.0	41121.0	57130.0	38982.0	42533.0	40721.0	53268.0	77643.0	71868.0	164102.0	179687.0	118798.0	153714.0	136235.0	102243.0	128073.0	130840.0	113876.0	103612.0	113940.0	136489.0	177658.0	310772.0	167859.0	132491.0	207582.0	179365.0	150756.0	167517.0	175848.0	191432.0	170448.0	504813.0	487345.0	1091772.0	17779411.0
	48	50	52	54	56	58	60	62	64	66	68	70	72	74	76	78	80	82	84	86	88	90	92	94	96	98	100	102	104	106	108	110	112	114	116	118	120	122	124
Acute_Survivor_20_1	72.0	10405.0	13007.0	14392.0	19186.0	20711.0	21575.0	23836.0	35413.0	24226.0	29780.0	29486.0	38708.0	49829.0	45480.0	47085.0	48023.0	41296.0	63727.0	53719.0	49494.0	46909.0	53234.0	54725.0	82300.0	102217.0	71342.0	70370.0	97378.0	95347.0	81758.0	95188.0	114028.0	114513.0	96233.0	131562.0	234442.0	986046.0	10613555.0
	46	48	50	52	54	56	58	60	62	64	66	68	70	72	74	76	78	80	82	84	86	88	90	92	94	96	98	100	102	104	106	108	110	112	114	116	118	120	122	124
Acute_Survivor_20_2	2.0	82.0	17585.0	23102.0	22482.0	24545.0	38666.0	26799.0	29423.0	29060.0	30573.0	36709.0	38886.0	52344.0	60437.0	51605.0	72357.0	62499.0	47630.0	55651.0	62051.0	55268.0	55252.0	52565.0	59975.0	87557.0	118504.0	89856.0	75013.0	101236.0	104981.0	89838.0	106125.0	123334.0	120522.0	114574.0	400648.0	223265.0	653763.0	10405833.0
	46	48	50	52	54	56	58	60	62	64	66	68	70	72	74	76	78	80	82	84	86	88	90	92	94	96	98	100	102	104	106	108	110	112	114	116	118	120	122	124
Acute_Survivor_21_1	2.0	103.0	13365.0	18694.0	22772.0	27757.0	30472.0	32623.0	33890.0	48339.0	34478.0	44730.0	41673.0	80985.0	99717.0	86830.0	91628.0	90598.0	76970.0	116948.0	94632.0	86476.0	71382.0	88679.0	91916.0	144176.0	217865.0	116199.0	110429.0	179503.0	168119.0	133829.0	150539.0	166081.0	169421.0	148956.0	198407.0	362685.0	1777314.0	17142357.0
	48	50	52	54	56	58	60	62	64	66	68	70	72	74	76	78	80	82	84	86	88	90	92	94	96	98	100	102	104	106	108	110	112	114	116	118	120	122	124
Acute_Survivor_21_2	115.0	24914.0	31322.0	35272.0	36583.0	56438.0	39025.0	40739.0	38975.0	45084.0	57341.0	59781.0	107719.0	121092.0	95755.0	132318.0	113340.0	82517.0	97004.0	104930.0	90128.0	85691.0	83256.0	93995.0	151945.0	247704.0	142467.0	117908.0	181780.0	182790.0	145599.0	170499.0	182531.0	180777.0	173826.0	695852.0	322829.0	904477.0	17137221.0
	46	48	50	52	54	56	58	60	62	64	66	68	70	72	74	76	78	80	82	84	86	88	90	92	94	96	98	100	102	104	106	108	110	112	114	116	118	120	122	124
Acute_Survivor_22_1	8.0	158.0	21337.0	30805.0	35059.0	42180.0	40150.0	42991.0	45490.0	53375.0	51125.0	68895.0	63451.0	115860.0	131822.0	110347.0	107990.0	98207.0	89971.0	117401.0	111905.0	101030.0	90767.0	104309.0	114999.0	152862.0	204809.0	129215.0	134096.0	205454.0	153162.0	126055.0	140654.0	165780.0	171744.0	140276.0	173084.0	313150.0	1172580.0	13631615.0
	46	48	50	52	54	56	58	60	62	64	66	68	70	72	74	76	78	80	82	84	86	88	90	92	94	96	98	100	102	104	106	108	110	112	114	116	118	120	122	124
Acute_Survivor_22_2	3.0	178.0	30473.0	38087.0	43667.0	48176.0	57167.0	46284.0	49625.0	50051.0	62311.0	81740.0	79873.0	136772.0	136286.0	113955.0	121545.0	106781.0	92352.0	113939.0	123760.0	106286.0	103901.0	101793.0	114033.0	151514.0	223505.0	158284.0	130159.0	201849.0	162201.0	139229.0	151982.0	171526.0	178790.0	157575.0	390210.0	296340.0	816462.0	13515504.0
	48	50	52	54	56	58	60	62	64	66	68	70	72	74	76	78	80	82	84	86	88	90	92	94	96	98	100	102	104	106	108	110	112	114	116	118	120	122	124
Acute_Survivor_23_1	6.0	419.0	514.0	536.0	731.0	676.0	691.0	728.0	848.0	815.0	1185.0	951.0	1558.0	1640.0	1392.0	1401.0	1357.0	1308.0	1635.0	1689.0	1535.0	1485.0	1608.0	1743.0	2736.0	3300.0	1988.0	2208.0	2792.0	2806.0	2405.0	3039.0	4150.0	3940.0	2866.0	4429.0	7920.0	43195.0	471761.0
	48	50	52	54	56	58	60	62	64	66	68	70	72	74	76	78	80	82	84	86	88	90	92	94	96	98	100	102	104	106	108	110	112	114	116	118	120	122	124
Acute_Survivor_23_2	3.0	794.0	964.0	863.0	1008.0	1075.0	850.0	1170.0	1094.0	1270.0	1457.0	1496.0	2408.0	2100.0	1743.0	1921.0	1778.0	1623.0	1946.0	2344.0	2232.0	1749.0	1694.0	1922.0	2870.0	3771.0	2855.0	2306.0	2725.0	3115.0	2721.0	3484.0	4498.0	3992.0	3667.0	12472.0	8679.0	29647.0	463680.0
	46	48	50	52	54	56	58	60	62	64	66	68	70	72	74	76	78	80	82	84	86	88	90	92	94	96	98	100	102	104	106	108	110	112	114	116	118	120	122	124
Acute_Survivor_24_1	3.0	189.0	25578.0	35162.0	34458.0	46961.0	49658.0	56985.0	60088.0	102663.0	61906.0	87032.0	85168.0	94478.0	128570.0	136411.0	156641.0	150161.0	132800.0	241338.0	209142.0	171473.0	152673.0	184034.0	184134.0	342219.0	353838.0	295434.0	216835.0	330559.0	296307.0	227092.0	256896.0	275504.0	281951.0	246702.0	322902.0	512438.0	2101900.0	23243495.0
	46	48	50	52	54	56	58	60	62	64	66	68	70	72	74	76	78	80	82	84	86	88	90	92	94	96	98	100	102	104	106	108	110	112	114	116	118	120	122	124
Acute_Survivor_24_2	3.0	127.0	45263.0	58468.0	60382.0	71853.0	116327.0	75836.0	76170.0	74239.0	79601.0	106458.0	110721.0	135164.0	147983.0	141463.0	253554.0	217877.0	154306.0	180492.0	229592.0	180860.0	166174.0	142210.0	162920.0	332642.0	390966.0	351846.0	214478.0	308832.0	311466.0	235701.0	273372.0	289564.0	290001.0	265220.0	808213.0	534068.0	1381354.0	22916012.0
	48	50	52	54	56	58	60	62	64	66	68	70	72	74	76	78	80	82	84	86	88	90	92	94	96	98	100	102	104	106	108	110	112	114	116	118	120	122	124
Acute_Survivor_25_1	11.0	2392.0	2882.0	3084.0	3564.0	3969.0	4001.0	4859.0	5720.0	4687.0	6518.0	6465.0	6583.0	8551.0	7948.0	8910.0	8588.0	7824.0	11916.0	11116.0	10198.0	10000.0	11032.0	12625.0	32314.0	24545.0	19679.0	15513.0	21511.0	22156.0	18448.0	21972.0	24298.0	23667.0	21005.0	38168.0	59668.0	343972.0	3975180.0
	48	50	52	54	56	58	60	62	64	66	68	70	72	74	76	78	80	82	84	86	88	90	92	94	96	98	100	102	104	106	108	110	112	114	116	118	120	122	124
Acute_Survivor_25_2	11.0	6121.0	6261.0	6476.0	6790.0	7858.0	7222.0	9887.0	9720.0	9310.0	11419.0	12625.0	13105.0	14862.0	13325.0	18033.0	16013.0	15371.0	17462.0	18228.0	16853.0	16966.0	13676.0	15397.0	34282.0	31044.0	29785.0	19510.0	23446.0	28670.0	24191.0	27919.0	45099.0	30940.0	27905.0	92675.0	71739.0	224209.0	3831134.0
	46	48	50	52	54	56	58	60	62	64	66	68	70	72	74	76	78	80	82	84	86	88	90	92	94	96	98	100	102	104	106	108	110	112	114	116	118	120	122	124
Acute_Survivor_26_1	1.0	22.0	2460.0	3013.0	3299.0	3838.0	4599.0	4555.0	5348.0	6289.0	5953.0	7745.0	9122.0	8891.0	11899.0	11219.0	11216.0	12297.0	10663.0	14187.0	13491.0	12424.0	12667.0	12936.0	15702.0	24017.0	23831.0	20591.0	21080.0	24225.0	24771.0	21936.0	25593.0	30673.0	33892.0	28221.0	37114.0	64736.0	305221.0	3162527.0
	48	50	52	54	56	58	60	62	64	66	68	70	72	74	76	78	80	82	84	86	88	90	92	94	96	98	100	102	104	106	108	110	112	114	116	118	120	122	124
Acute_Survivor_26_2	19.0	4772.0	5289.0	5519.0	5904.0	7120.0	6187.0	7785.0	8008.0	8720.0	10259.0	11936.0	13829.0	14361.0	13253.0	15097.0	15564.0	13726.0	16150.0	17582.0	16860.0	14986.0	13844.0	16686.0	25187.0	27407.0	26309.0	21590.0	24538.0	27512.0	23607.0	28953.0	33880.0	35527.0	36800.0	108504.0	76951.0	199717.0	3092326.0
	46	48	50	52	54	56	58	60	62	64	66	68	70	72	74	76	78	80	82	84	86	88	90	92	94	96	98	100	102	104	106	108	110	112	114	116	118	120	122	124
Acute_Survivor_27_1	4.0	201.0	31305.0	36862.0	42392.0	50161.0	56799.0	62382.0	73488.0	81432.0	82773.0	98313.0	103902.0	111047.0	137344.0	133947.0	135349.0	143430.0	143869.0	170209.0	169863.0	174430.0	187165.0	204303.0	217908.0	285362.0	259768.0	252196.0	245602.0	268545.0	272798.0	264352.0	279119.0	301051.0	309561.0	299124.0	362903.0	468251.0	1261750.0	15537845.0
	46	48	50	52	54	56	58	60	62	64	66	68	70	72	74	76	78	80	82	84	86	88	90	92	94	96	98	100	102	104	106	108	110	112	114	116	118	120	122	124
Acute_Survivor_27_2	6.0	160.0	45755.0	51353.0	53679.0	57944.0	69390.0	71752.0	84294.0	87334.0	93917.0	103939.0	112452.0	122859.0	145793.0	141956.0	152055.0	159264.0	154353.0	172052.0	184288.0	187552.0	200081.0	203087.0	217362.0	284899.0	271768.0	275531.0	250199.0	263703.0	279645.0	271257.0	286290.0	312545.0	318169.0	319716.0	583340.0	560763.0	1205136.0	14961467.0
	46	48	50	52	54	56	58	60	62	64	66	68	70	72	74	76	78	80	82	84	86	88	90	92	94	96	98	100	102	104	106	108	110	112	114	116	118	120	122	124
Acute_Survivor_28_1	11.0	248.0	59831.0	79037.0	84911.0	110516.0	129481.0	132571.0	145005.0	234971.0	150116.0	182095.0	170035.0	207573.0	295408.0	304485.0	369191.0	353168.0	332678.0	675948.0	558354.0	444439.0	376495.0	504538.0	459523.0	1091980.0	1195080.0	743778.0	519396.0	800084.0	840174.0	616074.0	691984.0	717111.0	715629.0	659722.0	961935.0	1851151.0	10931016.0	98402586.0
	46	48	50	52	54	56	58	60	62	64	66	68	70	72	74	76	78	80	82	84	86	88	90	92	94	96	98	100	102	104	106	108	110	112	114	116	118	120	122	124
Acute_Survivor_28_2	5.0	405.0	149546.0	158839.0	166162.0	188643.0	271063.0	189982.0	292718.0	274529.0	241825.0	307230.0	348219.0	420202.0	472936.0	428548.0	795450.0	671941.0	535147.0	634984.0	658989.0	508447.0	485620.0	393000.0	458913.0	1125713.0	1375444.0	957654.0	607105.0	834911.0	960074.0	694839.0	805683.0	1081573.0	837701.0	814595.0	3129540.0	1948220.0	5359455.0	97512478.0
	46	48	50	52	54	56	58	60	62	64	66	68	70	72	74	76	78	80	82	84	86	88	90	92	94	96	98	100	102	104	106	108	110	112	114	116	118	120	122	124
Acute_Survivor_29_1	3.0	44.0	6031.0	8066.0	8680.0	11571.0	12602.0	13195.0	15495.0	26347.0	15108.0	19807.0	19415.0	20369.0	27370.0	26887.0	28853.0	27289.0	23580.0	41719.0	33978.0	29079.0	26409.0	32380.0	33580.0	90359.0	75188.0	49562.0	40463.0	60274.0	63064.0	50478.0	55788.0	61477.0	62848.0	56889.0	83318.0	154621.0	707006.0	7840465.0
	46	48	50	52	54	56	58	60	62	64	66	68	70	72	74	76	78	80	82	84	86	88	90	92	94	96	98	100	102	104	106	108	110	112	114	116	118	120	122	124
Acute_Survivor_29_2	1.0	35.0	9709.0	12718.0	12822.0	14661.0	26568.0	16254.0	18499.0	17595.0	17866.0	22106.0	22672.0	27427.0	30880.0	28374.0	46497.0	38968.0	27756.0	32210.0	37938.0	30485.0	35318.0	27585.0	31919.0	87031.0	84594.0	66251.0	42436.0	54809.0	66641.0	51265.0	63044.0	65779.0	65183.0	67613.0	268372.0	182615.0	464101.0	7743060.0
	46	48	50	52	54	56	58	60	62	64	66	68	70	72	74	76	78	80	82	84	86	88	90	92	94	96	98	100	102	104	106	108	110	112	114	116	118	120	122	124
Acute_Survivor_2_1	5.0	224.0	27666.0	38564.0	45328.0	57764.0	65202.0	70820.0	71773.0	102015.0	70508.0	91975.0	86690.0	167402.0	201211.0	171522.0	188598.0	190607.0	162410.0	232941.0	206500.0	174303.0	132998.0	160219.0	168665.0	245272.0	386290.0	181303.0	165359.0	244584.0	231460.0	177940.0	199881.0	220459.0	214620.0	187113.0	226680.0	423724.0	1949752.0	18253029.0
	46	48	50	52	54	56	58	60	62	64	66	68	70	72	74	76	78	80	82	84	86	88	90	92	94	96	98	100	102	104	106	108	110	112	114	116	118	120	122	124
Acute_Survivor_2_2	7.0	227.0	51042.0	68228.0	79720.0	85307.0	122611.0	82340.0	85313.0	81035.0	92646.0	114861.0	115035.0	217800.0	250838.0	187786.0	260730.0	225943.0	167829.0	195992.0	220796.0	175488.0	147817.0	142106.0	163986.0	255223.0	432751.0	227699.0	175652.0	251708.0	260258.0	206926.0	234228.0	248676.0	239018.0	213773.0	653255.0	453222.0	1137654.0	17867850.0
	46	48	50	52	54	56	58	60	62	64	66	68	70	72	74	76	78	80	82	84	86	88	90	92	94	96	98	100	102	104	106	108	110	112	114	116	118	120	122	124
Acute_Survivor_30_1	4.0	57.0	12723.0	17051.0	18647.0	24977.0	26043.0	29396.0	32738.0	53962.0	32191.0	40893.0	40969.0	50276.0	74022.0	80755.0	95866.0	87229.0	77120.0	151117.0	119176.0	97818.0	79566.0	110186.0	102217.0	282236.0	266514.0	177066.0	126439.0	197457.0	200320.0	149900.0	161456.0	168601.0	181263.0	173541.0	247954.0	464757.0	2234959.0	21983727.0
	46	48	50	52	54	56	58	60	62	64	66	68	70	72	74	76	78	80	82	84	86	88	90	92	94	96	98	100	102	104	106	108	110	112	114	116	118	120	122	124
Acute_Survivor_30_2	1.0	51.0	21206.0	26164.0	28036.0	33128.0	55408.0	36114.0	39816.0	37826.0	39543.0	50789.0	58085.0	76850.0	86103.0	81754.0	157443.0	133100.0	92316.0	108932.0	129136.0	94892.0	101943.0	81880.0	91344.0	269555.0	298736.0	217342.0	133348.0	188517.0	212911.0	157218.0	182561.0	182938.0	191482.0	201265.0	860705.0	498976.0	1201529.0	22012246.0
	46	48	50	52	54	56	58	60	62	64	66	68	70	72	74	76	78	80	82	84	86	88	90	92	94	96	98	100	102	104	106	108	110	112	114	116	118	120	122	124
Acute_Survivor_31_1	10.0	474.0	41533.0	61895.0	64760.0	92023.0	92813.0	104343.0	120521.0	173613.0	127583.0	165258.0	160825.0	182659.0	249839.0	265347.0	292554.0	294384.0	250739.0	400494.0	352761.0	314812.0	270947.0	311232.0	340500.0	717871.0	556773.0	474169.0	396046.0	645761.0	524144.0	415601.0	435469.0	430512.0	434985.0	417524.0	529983.0	884426.0	3128009.0	32438944.0
	46	48	50	52	54	56	58	60	62	64	66	68	70	72	74	76	78	80	82	84	86	88	90	92	94	96	98	100	102	104	106	108	110	112	114	116	118	120	122	124
Acute_Survivor_31_2	14.0	374.0	96573.0	111399.0	108505.0	134796.0	193471.0	147854.0	158493.0	159649.0	168235.0	206775.0	220053.0	260937.0	294710.0	291960.0	431812.0	405004.0	298731.0	343107.0	400525.0	338819.0	340753.0	283932.0	321753.0	697936.0	628757.0	594682.0	422256.0	629791.0	574852.0	449809.0	512419.0	509217.0	487934.0	459974.0	1438382.0	847277.0	1960208.0	31230408.0
	47	52	57	62	67	72	77	82	87	92	97	102	107	112	117	122	127	132	137	142	147	150
Acute_Survivor_32_1	73.0	9304.0	11354.0	14342.0	16568.0	36961.0	26197.0	28026.0	38279.0	27969.0	42561.0	36469.0	42773.0	43661.0	38871.0	39452.0	46792.0	45971.0	43625.0	39912.0	86396.0	354056.0
	47	52	57	62	67	72	77	82	87	92	97	102	107	112	117	122	127	132	137	142	147	150
Acute_Survivor_32_2	183.0	12152.0	14047.0	15626.0	18229.0	38696.0	29710.0	33184.0	37856.0	31102.0	39767.0	10481.0	5900.0	13396.0	56913.0	103890.0	451476.0	92256.0	25465.0	23164.0	4835.0	11284.0
	46	48	50	52	54	56	58	60	62	64	66	68	70	72	74	76	78	80	82	84	86	88	90	92	94	96	98	100	102	104	106	108	110	112	114	116	118	120	122	124
Acute_Survivor_33_1	126.0	3482.0	116427.0	121904.0	156918.0	263889.0	194426.0	187901.0	215841.0	221665.0	228329.0	225798.0	218070.0	228728.0	268865.0	270891.0	251970.0	250291.0	197489.0	210342.0	182287.0	158156.0	139872.0	130311.0	142132.0	159231.0	129870.0	120602.0	130922.0	165443.0	110990.0	97752.0	104303.0	96438.0	95255.0	97350.0	110390.0	146442.0	183582.0	2001179.0
	46	48	50	52	54	56	58	60	62	64	66	68	70	72	74	76	78	80	82	84	86	88	90	92	94	96	98	100	102	104	106	108	110	112	114	116	118	120	122	124
Acute_Survivor_33_2	60.0	2365.0	131158.0	224849.0	151130.0	181639.0	205137.0	183925.0	218117.0	224597.0	230079.0	231751.0	232268.0	245664.0	256442.0	259678.0	241842.0	244546.0	196483.0	210423.0	182082.0	154909.0	145892.0	131382.0	133856.0	156605.0	132470.0	123738.0	128460.0	160202.0	108850.0	97677.0	105754.0	94067.0	94122.0	94685.0	132982.0	139273.0	177900.0	1968800.0
	46	48	50	52	54	56	58	60	62	64	66	68	70	72	74	76	78	80	82	84	86	88	90	92	94	96	98	100	102	104	106	108	110	112	114	116	118	120	122	124
Acute_Survivor_34_1	8.0	275.0	12337.0	17026.0	20130.0	23607.0	20079.0	21093.0	24137.0	25568.0	26532.0	30889.0	33586.0	42672.0	47983.0	41301.0	39562.0	40453.0	34463.0	41961.0	36215.0	36609.0	30602.0	30276.0	32238.0	43104.0	48223.0	32006.0	30072.0	40345.0	34110.0	27661.0	27431.0	27682.0	29507.0	23611.0	23251.0	30492.0	48587.0	523526.0
	46	48	50	52	54	56	58	60	62	64	66	68	70	72	74	76	78	80	82	84	86	88	90	92	94	96	98	100	102	104	106	108	110	112	114	116	118	120	122	124
Acute_Survivor_34_2	6.0	265.0	15274.0	20139.0	20259.0	21558.0	23591.0	20887.0	24654.0	24681.0	29330.0	32120.0	35432.0	44896.0	47641.0	40307.0	42599.0	42117.0	34340.0	38763.0	36464.0	36791.0	30263.0	28105.0	30167.0	41601.0	51543.0	34444.0	28714.0	38397.0	33827.0	27260.0	27777.0	27599.0	28863.0	22545.0	34202.0	30373.0	40625.0	510791.0
	46	48	50	52	54	56	58	60	62	64	66	68	70	72	74	76	78	80	82	84	86	88	90	92	94	96	98	100	102	104	106	108	110	112	114	116	118	120	122	124
Acute_Survivor_35_1	1.0	36.0	2570.0	3338.0	4201.0	5425.0	3901.0	3816.0	4465.0	5294.0	5651.0	8064.0	6855.0	11195.0	11716.0	9651.0	8083.0	7742.0	7425.0	10746.0	9342.0	8730.0	8428.0	10151.0	10308.0	12969.0	17459.0	10736.0	12761.0	17921.0	12704.0	10667.0	11472.0	13925.0	14898.0	11615.0	13473.0	22613.0	68727.0	790549.0
	48	50	52	54	56	58	60	62	64	66	68	70	72	74	76	78	80	82	84	86	88	90	92	94	96	98	100	102	104	106	108	110	112	114	116	118	120	122	124
Acute_Survivor_35_2	47.0	3366.0	5051.0	4841.0	4903.0	5227.0	4527.0	5709.0	5259.0	6847.0	8418.0	7340.0	12415.0	12556.0	9783.0	9862.0	8915.0	7868.0	10021.0	9889.0	9137.0	9252.0	9533.0	9949.0	12464.0	19087.0	14802.0	10814.0	16338.0	13359.0	10214.0	11792.0	14292.0	15258.0	12370.0	24082.0	24004.0	54570.0	775462.0
	17	22	27	32	37	42	47	52	57	62	67	72	77	82	87	92	97	102	107	112	117	122	127	132	137	142	147	150
Acute_Survivor_36_1	2.0	3649.0	6449.0	6369.0	7846.0	10614.0	14619.0	41174.0	63662.0	76705.0	121646.0	204669.0	233100.0	194732.0	208667.0	190196.0	231558.0	261443.0	269266.0	290297.0	322514.0	369450.0	396732.0	384213.0	635316.0	490995.0	1689637.0	11472864.0
	17	22	27	32	37	42	47	52	57	62	67	72	77	82	87	92	97	102	107	112	117	122	127	132	137	142	147	150
Acute_Survivor_36_2	13.0	18767.0	18567.0	17009.0	16548.0	18949.0	21923.0	68243.0	91029.0	110507.0	146527.0	278698.0	204151.0	191728.0	214641.0	223770.0	289620.0	335659.0	362779.0	416315.0	462506.0	469603.0	473250.0	458686.0	663034.0	810058.0	1743609.0	10072195.0
	47	52	57	62	67	72	77	82	87	92	97	102	107	112	117	122	127	132	137	142	147	150
Acute_Survivor_37_1	72.0	66566.0	101046.0	139464.0	236411.0	553260.0	494617.0	384656.0	498632.0	460147.0	577351.0	653523.0	652171.0	766700.0	778093.0	910720.0	959394.0	945897.0	1510881.0	1573171.0	5830828.0	41822554.0
	47	52	57	62	67	72	77	82	87	92	97	102	107	112	117	122	127	132	137	142	147	150
Acute_Survivor_37_2	55.0	212993.0	236360.0	272389.0	368848.0	730753.0	598885.0	488684.0	585652.0	611785.0	839961.0	987704.0	1026573.0	1234443.0	1294007.0	1387557.0	1338980.0	1306099.0	1718015.0	2858307.0	5960737.0	35857367.0
	47	52	57	62	67	72	77	82	87	92	97	102	107	112	117	122	127	132	137	142	147	150
Acute_Survivor_38_1	61.0	42352.0	68527.0	100117.0	160208.0	415328.0	328351.0	235988.0	310480.0	290697.0	334168.0	380973.0	360651.0	429123.0	427016.0	515149.0	512319.0	479509.0	805897.0	893691.0	2891895.0	21100459.0
	47	52	57	62	67	72	77	82	87	92	97	102	107	112	117	122	127	132	137	142	147	150
Acute_Survivor_38_2	60.0	122159.0	144230.0	168929.0	232534.0	507961.0	390654.0	297382.0	339646.0	364654.0	470603.0	557115.0	552862.0	672781.0	688046.0	757142.0	702801.0	659336.0	883778.0	1699709.0	3088158.0	17782419.0
	47	52	57	62	67	72	77	82	87	92	97	102	107	112	117	122	127	132	137	142	147	150
Acute_Survivor_39_1	90.0	62709.0	104433.0	150573.0	200920.0	441782.0	426614.0	336620.0	479776.0	350789.0	569284.0	451349.0	537435.0	653403.0	604737.0	755193.0	788631.0	763425.0	970206.0	1259767.0	5027584.0	31228983.0
	47	52	57	62	67	72	77	82	87	92	97	102	107	112	117	122	127	132	137	142	147	150
Acute_Survivor_39_2	81.0	179161.0	217296.0	238425.0	306686.0	591299.0	527703.0	419082.0	501941.0	445366.0	777992.0	705733.0	829275.0	1008500.0	1056898.0	1066015.0	1076626.0	1018203.0	1069727.0	2384556.0	4492728.0	27251010.0
	47	52	57	62	67	72	77	82	87	92	97	102	107	112	117	122	127	132	137	142	147	150
Acute_Survivor_3_1	17.0	3464.0	5044.0	6388.0	7183.0	11296.0	12678.0	11695.0	14076.0	11940.0	17961.0	17733.0	18092.0	16176.0	16226.0	22577.0	21731.0	20901.0	50580.0	28781.0	96312.0	426799.0
	47	52	57	62	67	72	77	82	87	92	97	102	107	112	117	122	127	132	137	142	147	150
Acute_Survivor_3_2	64.0	5733.0	7397.0	7004.0	7906.0	12901.0	13849.0	13379.0	13855.0	12715.0	17003.0	6124.0	5374.0	12320.0	52809.0	97138.0	397171.0	96959.0	22008.0	18327.0	4883.0	12731.0
	47	52	57	62	67	72	77	82	87	92	97	102	107	112	117	122	127	132	137	142	147	150
Acute_Survivor_40_1	84.0	70754.0	106066.0	149774.0	223807.0	511743.0	499041.0	377119.0	596879.0	494729.0	597253.0	528290.0	585734.0	756223.0	679874.0	837428.0	875210.0	821720.0	1032547.0	1343170.0	4861774.0	31552124.0
	47	52	57	62	67	72	77	82	87	92	97	102	107	112	117	122	127	132	137	142	147	150
Acute_Survivor_40_2	75.0	185330.0	226326.0	239532.0	336840.0	680423.0	625428.0	493830.0	551195.0	573031.0	802141.0	770703.0	873121.0	1099268.0	1073076.0	1191797.0	1131386.0	1080119.0	1151406.0	2500795.0	4893246.0	27022275.0
	47	52	57	62	67	72	77	82	87	92	97	102	107	112	117	122	127	132	137	142	147	150
Acute_Survivor_41_1	72.0	57519.0	87013.0	119158.0	189890.0	435106.0	424315.0	312889.0	446132.0	377693.0	492005.0	494903.0	484354.0	598371.0	571745.0	713146.0	707292.0	670803.0	900917.0	1086388.0	4593250.0	29512259.0
	47	52	57	62	67	72	77	82	87	92	97	102	107	112	117	122	127	132	137	142	147	150
Acute_Survivor_41_2	54.0	163768.0	193502.0	216731.0	292521.0	582901.0	505841.0	396416.0	473844.0	468391.0	696010.0	739453.0	760309.0	941617.0	959887.0	1059142.0	983351.0	931585.0	1020502.0	2007680.0	4259348.0	25622367.0
	47	52	57	62	67	72	77	82	87	92	97	102	107	112	117	122	127	132	137	142	147	150
Acute_Survivor_42_1	50.0	38737.0	63057.0	85200.0	140619.0	325586.0	273783.0	208073.0	267230.0	230737.0	300172.0	323445.0	328718.0	371399.0	378585.0	448163.0	462920.0	453932.0	703693.0	709419.0	2815554.0	19792214.0
	47	52	57	62	67	72	77	82	87	92	97	102	107	112	117	122	127	132	137	142	147	150
Acute_Survivor_42_2	42.0	106718.0	129898.0	145597.0	202208.0	414277.0	318822.0	254530.0	294573.0	298098.0	424270.0	479510.0	505393.0	594218.0	620471.0	668967.0	639715.0	616341.0	776697.0	1297611.0	2657198.0	17276132.0
	47	52	57	62	67	72	77	82	87	92	97	102	107	112	117	122	127	132	137	142	147	150
Acute_Survivor_43_1	82.0	66199.0	101476.0	151118.0	229512.0	581113.0	498720.0	356973.0	479272.0	422280.0	516579.0	522710.0	520041.0	625941.0	615950.0	728262.0	725035.0	697892.0	1038343.0	1207871.0	3983636.0	28898797.0
	47	52	57	62	67	72	77	82	87	92	97	102	107	112	117	122	127	132	137	142	147	150
Acute_Survivor_43_2	63.0	182895.0	215611.0	249351.0	336571.0	730097.0	596424.0	446203.0	505235.0	522512.0	718768.0	766948.0	790961.0	956178.0	978968.0	1066922.0	988502.0	955136.0	1144957.0	2258299.0	4394601.0	24162600.0
	47	52	57	62	67	72	77	82	87	92	97	102	107	112	117	122	127	132	137	142	147	150
Acute_Survivor_44_1	56.0	47553.0	76634.0	95638.0	142981.0	262745.0	354385.0	297320.0	317874.0	296651.0	360891.0	426705.0	454651.0	495018.0	565665.0	634009.0	694670.0	678883.0	1141785.0	918287.0	3262281.0	22566918.0
	47	52	57	62	67	72	77	82	87	92	97	102	107	112	117	122	127	132	137	142	147	150
Acute_Survivor_44_2	51.0	112017.0	139550.0	148232.0	223344.0	438204.0	320509.0	309072.0	352672.0	372932.0	486187.0	585738.0	650785.0	752545.0	832177.0	854447.0	845652.0	837493.0	1195062.0	1498717.0	3086209.0	20050005.0
	47	52	57	62	67	72	77	82	87	92	97	102	107	112	117	122	127	132	137	142	147	150
Acute_Survivor_45_1	46.0	47992.0	69324.0	97359.0	156218.0	351824.0	314947.0	259459.0	371727.0	321713.0	433555.0	465512.0	495855.0	579403.0	626598.0	742134.0	811323.0	837919.0	1327857.0	1253855.0	6300025.0	44785170.0
	47	52	57	62	67	72	77	82	87	92	97	102	107	112	117	122	127	132	137	142	147	150
Acute_Survivor_45_2	46.0	193056.0	207220.0	220861.0	287544.0	511678.0	431573.0	375783.0	451713.0	483792.0	699219.0	802177.0	882528.0	1049827.0	1160300.0	1224014.0	1217046.0	1195120.0	1482060.0	2614972.0	6435512.0	38723774.0
	46	48	50	52	54	56	58	60	62	64	66	68	70	72	74	76	78	80	82	84	86	88	90	92	94	96	98	100	102	104	106	108	110	112	114	116	118	120	122	124
Acute_Survivor_4_1	1.0	51.0	9007.0	12106.0	14322.0	17383.0	18079.0	19042.0	21560.0	31878.0	24010.0	35458.0	30861.0	71816.0	83914.0	64579.0	64888.0	57947.0	51356.0	82750.0	69583.0	57761.0	47713.0	60900.0	60724.0	79259.0	147906.0	64170.0	59574.0	83999.0	82347.0	63049.0	73852.0	85588.0	88092.0	73424.0	94125.0	177484.0	815879.0	9012954.0
	48	50	52	54	56	58	60	62	64	66	68	70	72	74	76	78	80	82	84	86	88	90	92	94	96	98	100	102	104	106	108	110	112	114	116	118	120	122	124
Acute_Survivor_4_2	72.0	15631.0	19010.0	22074.0	23244.0	34898.0	23609.0	26358.0	25976.0	33694.0	44042.0	39747.0	87866.0	97457.0	66794.0	89014.0	74720.0	54770.0	69092.0	74188.0	59612.0	50994.0	53581.0	63135.0	84479.0	164687.0	83051.0	63306.0	87872.0	91879.0	73091.0	85517.0	95428.0	96942.0	84823.0	269848.0	200293.0	551145.0	8827452.0
	46	48	50	52	54	56	58	60	62	64	66	68	70	72	74	76	78	80	82	84	86	88	90	92	94	96	98	100	102	104	106	108	110	112	114	116	118	120	122	124
Acute_Survivor_5_1	19.0	515.0	54612.0	87769.0	97169.0	142671.0	139672.0	156219.0	174072.0	340677.0	149713.0	176613.0	172452.0	220445.0	334080.0	353573.0	389332.0	366157.0	316516.0	679632.0	517373.0	367917.0	298674.0	386297.0	316575.0	529361.0	631183.0	443820.0	284402.0	426367.0	391494.0	289876.0	306941.0	297016.0	309016.0	284019.0	346736.0	563947.0	1896168.0	19280366.0
	46	48	50	52	54	56	58	60	62	64	66	68	70	72	74	76	78	80	82	84	86	88	90	92	94	96	98	100	102	104	106	108	110	112	114	116	118	120	122	124
Acute_Survivor_5_2	4.0	400.0	74752.0	119448.0	133430.0	175822.0	350772.0	165403.0	174009.0	146366.0	149305.0	196969.0	224626.0	295502.0	383393.0	334489.0	681788.0	573243.0	361287.0	406435.0	473608.0	323675.0	268725.0	218826.0	242467.0	501538.0	690917.0	490972.0	282152.0	398437.0	398399.0	300144.0	340015.0	301669.0	318265.0	291424.0	769883.0	574453.0	1244433.0	19142011.0
	46	48	50	52	54	56	58	60	62	64	66	68	70	72	74	76	78	80	82	84	86	88	90	92	94	96	98	100	102	104	106	108	110	112	114	116	118	120	122	124
Acute_Survivor_6_1	3.0	171.0	24781.0	36886.0	42279.0	65424.0	64761.0	68994.0	71445.0	114028.0	68748.0	89627.0	81944.0	126120.0	178997.0	177883.0	204859.0	189950.0	157181.0	276052.0	212281.0	172226.0	137190.0	178749.0	154333.0	251482.0	375160.0	241166.0	181674.0	274408.0	242651.0	179514.0	187472.0	192710.0	201832.0	186435.0	240892.0	428732.0	1486287.0	15643735.0
	46	48	50	52	54	56	58	60	62	64	66	68	70	72	74	76	78	80	82	84	86	88	90	92	94	96	98	100	102	104	106	108	110	112	114	116	118	120	122	124
Acute_Survivor_6_2	4.0	158.0	38006.0	52414.0	58932.0	79727.0	131802.0	73478.0	76331.0	68261.0	77750.0	112350.0	131975.0	181490.0	196582.0	163186.0	278379.0	237046.0	162167.0	199706.0	213625.0	155312.0	140476.0	128907.0	134542.0	245157.0	407912.0	264512.0	181180.0	269237.0	251367.0	190271.0	206163.0	199581.0	210170.0	193125.0	660390.0	390249.0	871378.0	15575764.0
	46	48	50	52	54	56	58	60	62	64	66	68	70	72	74	76	78	80	82	84	86	88	90	92	94	96	98	100	102	104	106	108	110	112	114	116	118	120	122	124
Acute_Survivor_7_1	2.0	66.0	11945.0	15179.0	18586.0	23855.0	21973.0	22469.0	24275.0	29312.0	29284.0	41513.0	33187.0	68091.0	81387.0	73385.0	67336.0	63942.0	56545.0	70828.0	62710.0	59778.0	51311.0	57124.0	65925.0	87409.0	107478.0	70402.0	83104.0	154393.0	96367.0	82420.0	92699.0	104482.0	108308.0	96694.0	125991.0	228104.0	765343.0	10301328.0
	46	48	50	52	54	56	58	60	62	64	66	68	70	72	74	76	78	80	82	84	86	88	90	92	94	96	98	100	102	104	106	108	110	112	114	116	118	120	122	124
Acute_Survivor_7_2	1.0	54.0	15338.0	19918.0	22983.0	25844.0	31222.0	23673.0	28445.0	26299.0	33710.0	47839.0	51174.0	84439.0	82558.0	67485.0	67916.0	62554.0	55594.0	65884.0	64684.0	60800.0	58507.0	56405.0	64827.0	88008.0	115953.0	84000.0	81333.0	150948.0	98884.0	87276.0	96311.0	101438.0	106917.0	104348.0	318919.0	203765.0	576184.0	10222093.0
	46	48	50	52	54	56	58	60	62	64	66	68	70	72	74	76	78	80	82	84	86	88	90	92	94	96	98	100	102	104	106	108	110	112	114	116	118	120	122	124
Acute_Survivor_8_1	1.0	11.0	1239.0	1494.0	1687.0	2333.0	2546.0	2595.0	3671.0	4276.0	3514.0	4663.0	4761.0	4938.0	7262.0	7212.0	5718.0	6103.0	5210.0	7368.0	6368.0	6043.0	5304.0	6269.0	6743.0	15615.0	12285.0	8914.0	7326.0	11223.0	11674.0	9865.0	11037.0	11293.0	11473.0	10602.0	14824.0	28233.0	128994.0	1408482.0
	48	50	52	54	56	58	60	62	64	66	68	70	72	74	76	78	80	82	84	86	88	90	92	94	96	98	100	102	104	106	108	110	112	114	116	118	120	122	124
Acute_Survivor_8_2	8.0	2069.0	2834.0	2781.0	3068.0	4272.0	3506.0	4570.0	4330.0	4227.0	5259.0	5712.0	6039.0	7997.0	7613.0	7527.0	7677.0	6191.0	6959.0	7472.0	6611.0	6932.0	5860.0	6156.0	15070.0	13909.0	11345.0	7639.0	9679.0	12117.0	9941.0	11842.0	12327.0	11909.0	15164.0	52703.0	39057.0	98269.0	1362528.0
	46	48	50	52	54	56	58	60	62	64	66	68	70	72	74	76	78	80	82	84	86	88	90	92	94	96	98	100	102	104	106	108	110	112	114	116	118	120	122	124
Acute_Survivor_9_1	13.0	513.0	42650.0	55192.0	54692.0	70621.0	78957.0	83973.0	81010.0	87758.0	105009.0	124478.0	178443.0	145390.0	175136.0	174264.0	181810.0	184534.0	194577.0	216148.0	252662.0	273286.0	284349.0	278164.0	300690.0	329360.0	339167.0	371206.0	410304.0	410207.0	461862.0	425858.0	437110.0	476547.0	491027.0	509904.0	643913.0	976522.0	2533127.0	28940248.0
	46	48	50	52	54	56	58	60	62	64	66	68	70	72	74	76	78	80	82	84	86	88	90	92	94	96	98	100	102	104	106	108	110	112	114	116	118	120	122	124
Acute_Survivor_9_2	8.0	382.0	80794.0	81365.0	84500.0	98803.0	108858.0	108452.0	107463.0	110373.0	135055.0	147858.0	186296.0	168569.0	194887.0	197124.0	218706.0	213236.0	220010.0	241757.0	284950.0	306491.0	309087.0	289273.0	310624.0	348206.0	368275.0	408764.0	417797.0	438406.0	488706.0	452121.0	475661.0	522179.0	521257.0	517528.0	756164.0	899372.0	2455509.0	28105815.0

