Sample	featureCounts_mqc-generalstats-featurecounts-percent_assigned	featureCounts_mqc-generalstats-featurecounts-Assigned	STAR_mqc-generalstats-star-uniquely_mapped_percent	STAR_mqc-generalstats-star-uniquely_mapped	FastQC_mqc-generalstats-fastqc-percent_duplicates	FastQC_mqc-generalstats-fastqc-percent_gc	FastQC_mqc-generalstats-fastqc-avg_sequence_length	FastQC_mqc-generalstats-fastqc-percent_fails	FastQC_mqc-generalstats-fastqc-total_sequences
Acute_Fatal_104	38.04975604771274	6434162	13.52	8460275.0					
Acute_Fatal_104._STARpass1			13.59	8502106.0					
Acute_Fatal_104_1					94.09325422221652	55.0	143.3785434439171	30.0	62573835.0
Acute_Fatal_104_2					92.54582570944011	55.0	139.10630579059122	40.0	62573835.0
Acute_Fatal_106	36.77492807311751	7219559	20.36	9820853.0					
Acute_Fatal_106._STARpass1			20.75	10008740.0					
Acute_Fatal_106_1					91.62415805808125	55.0	139.02974477414637	20.0	48238961.0
Acute_Fatal_106_2					90.23255088120193	54.0	135.90361973177656	40.0	48238961.0
Acute_Fatal_14	42.794345635357914	3951448	12.8	4617177.0					
Acute_Fatal_14._STARpass1			12.72	4586888.0					
Acute_Fatal_14_1					90.49421829854845	55.0	117.9196992394644	30.0	36065636.0
Acute_Fatal_14_2					89.20744552334784	54.0	117.2598018789964	40.0	36065636.0
Acute_Fatal_26	32.2616213833196	2008033	19.66	3112396.0					
Acute_Fatal_26._STARpass1			19.89	3148683.0					
Acute_Fatal_26_1					90.62796236936805	52.0	115.18811113219013	30.0	15829329.0
Acute_Fatal_26_2					88.73940296304384	52.0	114.31789408129681	40.0	15829329.0
Acute_Fatal_29	57.100345129785055	505603	2.22	442762.0					
Acute_Fatal_29._STARpass1			2.05	408422.0					
Acute_Fatal_29_1					94.20616269582452	59.0	112.20382862593291	30.0	19936552.0
Acute_Fatal_29_2					94.48024330631918	58.0	111.76150830895934	30.0	19936552.0
Acute_Fatal_32	36.19755022555348	4418665	11.67	6104195.0					
Acute_Fatal_32._STARpass1			11.45	5989375.0					
Acute_Fatal_32_1					90.41830092081508	56.0	115.3185082833916	40.0	52328143.0
Acute_Fatal_32_2					89.7034903424361	55.0	114.32508935010364	40.0	52328143.0
Acute_Fatal_35	20.591252556387293	2391981	20.79	5809108.0					
Acute_Fatal_35._STARpass1			20.75	5796054.0					
Acute_Fatal_35_1					83.8820313293361	53.0	118.83346678393569	30.0	27939177.0
Acute_Fatal_35_2					82.37641607026707	53.0	118.12837593605566	30.0	27939177.0
Acute_Fatal_38	35.11081545028098	2325989	16.39	3312753.0					
Acute_Fatal_38._STARpass1			16.34	3303562.0					
Acute_Fatal_38_1					85.04584855206522	54.0	117.32790203216433	40.0	20213818.0
Acute_Fatal_38_2					84.18320448702801	53.0	116.73128055273872	40.0	20213818.0
Acute_Fatal_39	32.76894945723376	2560007	19.89	3906577.0					
Acute_Fatal_39._STARpass1			19.83	3895388.0					
Acute_Fatal_39_1					84.00260427299101	54.0	115.87412278390696	20.0	19642395.0
Acute_Fatal_39_2					81.62336949378899	53.0	114.98256521162516	40.0	19642395.0
Acute_Fatal_4	40.093930467712454	3222182	16.38	4018618.0					
Acute_Fatal_4._STARpass1			16.41	4026445.0					
Acute_Fatal_40	34.85055706465487	6456333	19.75	9263871.0					
Acute_Fatal_40._STARpass1			19.95	9355753.0					
Acute_Fatal_40_1					87.13304256351168	54.0	116.34097820298167	20.0	46899121.0
Acute_Fatal_40_2					85.92714346596736	53.0	115.62827128465798	40.0	46899121.0
Acute_Fatal_42	34.93368323747958	4420022	19.81	6327146.0					
Acute_Fatal_42._STARpass1			19.83	6334264.0					
Acute_Fatal_42_1					85.61577558375392	54.0	118.03005566569051	30.0	31939602.0
Acute_Fatal_42_2					83.37236643273339	53.0	117.12972115306884	40.0	31939602.0
Acute_Fatal_46	41.5951991317715	779561	14.85	937158.0					
Acute_Fatal_46._STARpass1			14.84	936650.0					
Acute_Fatal_46_1					84.63145745996302	55.0	117.22303304122195	30.0	6311177.0
Acute_Fatal_46_2					82.86149379599487	54.0	116.51462096531282	40.0	6311177.0
Acute_Fatal_48	39.38307950706751	4173740	15.43	5299562.0					
Acute_Fatal_48._STARpass1			15.38	5281093.0					
Acute_Fatal_48_1					86.35742907422133	55.0	115.9650156652969	30.0	34335768.0
Acute_Fatal_48_2					84.17939155053085	54.0	114.85063051451186	40.0	34335768.0
Acute_Fatal_49	44.3579741207775	17717018	12.84	19972045.0					
Acute_Fatal_49._STARpass1			12.67	19704287.0					
Acute_Fatal_49_1					94.02056181457367	55.0	115.61243187684659	30.0	155547519.0
Acute_Fatal_49_2					93.14128793675069	54.0	115.04532777536619	40.0	155547519.0
Acute_Fatal_4_1					86.50494508611445	55.0	116.65206729823161	30.0	24539783.0
Acute_Fatal_4_2					85.53408900254855	54.0	116.00366808459553	40.0	24539783.0
Acute_Fatal_58	40.51349565404228	2873587	14.15	3546795.0					
Acute_Fatal_58._STARpass1			14.02	3515750.0					
Acute_Fatal_58_1					86.42946019348476	56.0	114.43819031565488	30.0	25069057.0
Acute_Fatal_58_2					85.75481458666606	55.0	113.71063769969489	30.0	25069057.0
Acute_Fatal_6	34.51984913577797	2028299	16.8	2938237.0					
Acute_Fatal_6._STARpass1			16.67	2916089.0					
Acute_Fatal_64	34.98909141042624	4547887	20.68	6499773.0					
Acute_Fatal_64._STARpass1			20.7	6506633.0					
Acute_Fatal_64_1					81.6185171311849	53.0	115.37941619651725	30.0	31426534.0
Acute_Fatal_64_2					80.42284894303762	52.0	114.21399623642874	40.0	31426534.0
Acute_Fatal_67	36.35334688777933	473109	16.29	651256.0					
Acute_Fatal_67._STARpass1			16.3	651593.0					
Acute_Fatal_67_1					81.79066375154812	52.0	139.12549595977285	30.0	3997300.0
Acute_Fatal_67_2					61.63402231583314	51.0	123.16388162009356	50.0	3997300.0
Acute_Fatal_68	35.06778929093962	8671234	10.47	12364421.0					
Acute_Fatal_68._STARpass1			10.34	12211252.0					
Acute_Fatal_68_1					95.97361659703635	55.0	116.63835196893615	30.0	118053600.0
Acute_Fatal_68_2					94.71953783393275	54.0	115.75555269809645	40.0	118053600.0
Acute_Fatal_6_1					84.2938537945847	54.0	116.24489536404697	30.0	17489543.0
Acute_Fatal_6_2					82.52840990285728	53.0	115.29317478449838	30.0	17489543.0
Acute_Fatal_70	18.80979707980524	122423	14.43	325767.0					
Acute_Fatal_70._STARpass1			14.51	327678.0					
Acute_Fatal_70_1					80.45313691357052	53.0	138.3991203554012	30.0	2257730.0
Acute_Fatal_70_2					56.34533658148173	52.0	121.73990468302233	40.0	2257730.0
Acute_Fatal_73	52.68773368188573	1260083	3.52	1195878.0					
Acute_Fatal_73._STARpass1			3.38	1147525.0					
Acute_Fatal_73_1					96.05682720469778	57.0	119.47803366240635	40.0	33973210.0
Acute_Fatal_73_2					94.71986132940742	56.0	118.6892903555478	30.0	33973210.0
Acute_Fatal_76	47.507517942406395	913285	4.67	961292.0					
Acute_Fatal_76._STARpass1			4.61	949378.0					
Acute_Fatal_76_1					93.67612878956436	60.0	116.07839353889297	40.0	20590651.0
Acute_Fatal_76_2					93.80228754630818	60.0	115.4787922926769	40.0	20590651.0
Acute_Fatal_86	49.04482942708876	2001827	4.93	2041037.0					
Acute_Fatal_86._STARpass1			4.79	1983063.0					
Acute_Fatal_86_1					96.49290677648112	57.0	120.84409944024041	30.0	41361686.0
Acute_Fatal_86_2					95.03867679041046	56.0	119.94849121962775	30.0	41361686.0
Acute_Fatal_87	8.99088284303178	718706	27.47	3997442.0					
Acute_Fatal_87._STARpass1			27.44	3993445.0					
Acute_Fatal_87_1					81.8477675016104	52.0	118.77815679162855	30.0	14553851.0
Acute_Fatal_87_2					81.68548297757536	51.0	117.50288621204106	20.0	14553851.0
Acute_Fatal_92	42.72429573601032	1413362	6.14	1654194.0					
Acute_Fatal_92._STARpass1			5.94	1599759.0					
Acute_Fatal_92_1					93.03122547853262	57.0	119.70800090176441	40.0	26933864.0
Acute_Fatal_92_2					92.22179479119606	56.0	119.03040625734207	30.0	26933864.0
Acute_Fatal_93	32.30306653342753	2912564	18.23	4508477.0					
Acute_Fatal_93._STARpass1			18.35	4539229.0					
Acute_Fatal_93_1					89.66608754852645	54.0	120.57392838416494	30.0	24737853.0
Acute_Fatal_93_2					87.6542719594201	53.0	119.9114325725842	30.0	24737853.0
Acute_Fatal_96	13.90145669168493	115835	1.16	416645.0					
Acute_Fatal_96._STARpass1			1.16	416758.0					
Acute_Fatal_96_1					91.5241813248482	50.0	121.00763208800956	20.0	35974821.0
Acute_Fatal_96_2					88.58347747858811	51.0	120.57523505120429	20.0	35974821.0
Acute_Fatal_97	49.339380610905806	1177172	6.5	1193012.0					
Acute_Fatal_97._STARpass1			6.36	1168446.0					
Acute_Fatal_97_1					92.8672091125628	55.0	110.57376306230228	30.0	18360565.0
Acute_Fatal_97_2					91.93407943129353	54.0	109.86397945814848	40.0	18360565.0
Acute_Fatal_99	58.479090453026096	1867428	10.93	1596798.0					
Acute_Fatal_99._STARpass1			10.78	1575819.0					
Acute_Fatal_99_1					88.39355480000643	52.0	110.17746223061383	30.0	14614614.0
Acute_Fatal_99_2					87.93631979755177	52.0	109.55331040559813	40.0	14614614.0
Acute_Survivor_1	37.72382386730445	3379213	18.67	4479342.0					
Acute_Survivor_1._STARpass1			18.79	4507796.0					
Acute_Survivor_11	30.555933320595702	4372342	17.72	7155237.0					
Acute_Survivor_11._STARpass1			18.09	7305941.0					
Acute_Survivor_11_1					89.36804615213441	53.0	114.71916154798433	30.0	40383277.0
Acute_Survivor_11_2					88.13568418921417	53.0	114.07388979354003	40.0	40383277.0
Acute_Survivor_12	30.22699498697849	1332201	21.4	2203939.0					
Acute_Survivor_12._STARpass1			21.85	2250008.0					
Acute_Survivor_12_1					84.21982002910481	53.0	117.11724655184904	30.0	10298418.0
Acute_Survivor_12_2					82.27795186510349	52.0	116.1757100945019	40.0	10298418.0
Acute_Survivor_13	30.216940675434827	3368787	24.83	5575092.0					
Acute_Survivor_13._STARpass1			24.98	5607788.0					
Acute_Survivor_13_1					91.16446971218586	53.0	117.61764115304555	40.0	22450596.0
Acute_Survivor_13_2					87.71141786386164	52.0	116.54110385310038	40.0	22450596.0
Acute_Survivor_15	40.370050528710806	6437162	15.8	7973155.0					
Acute_Survivor_15._STARpass1			15.31	7722690.0					
Acute_Survivor_15_1					86.15749277340775	54.0	109.60887416799027	20.0	50452234.0
Acute_Survivor_15_2					87.16398029782316	54.0	109.01755712145471	40.0	50452234.0
Acute_Survivor_17	37.88523704604045	3160893	18.86	4172101.0					
Acute_Survivor_17._STARpass1			18.74	4146760.0					
Acute_Survivor_17_1					83.90906114240792	54.0	115.53454972268881	30.0	22125865.0
Acute_Survivor_17_2					82.44700023569607	53.0	114.72180491022611	30.0	22125865.0
Acute_Survivor_18	35.207409386180615	5462970	20.38	7759054.0					
Acute_Survivor_18._STARpass1			20.29	7723481.0					
Acute_Survivor_18_1					81.99070605535319	54.0	116.81477059938005	30.0	38071170.0
Acute_Survivor_18_2					81.00540026070202	53.0	116.04751117446614	30.0	38071170.0
Acute_Survivor_1_1					86.97337406208443	54.0	118.77132065827418	30.0	23993103.0
Acute_Survivor_1_2					85.00538688859834	53.0	118.04543905804931	40.0	23993103.0
Acute_Survivor_2	32.9345357151979	2991544	17.34	4542164.0					
Acute_Survivor_2._STARpass1			17.27	4523734.0					
Acute_Survivor_20	33.48636184619279	2137549	23.1	3192001.0					
Acute_Survivor_20._STARpass1			23.32	3223386.0					
Acute_Survivor_20_1					89.2318867278517	53.0	119.61799595198384	30.0	13820597.0
Acute_Survivor_20_2					87.27155007491407	52.0	118.74740331405366	40.0	13820597.0
Acute_Survivor_21	56.70055781221722	1444318	5.63	1273723.0					
Acute_Survivor_21._STARpass1			5.43	1227954.0					
Acute_Survivor_21_1					94.11297055130042	57.0	119.45597626061631	30.0	22611539.0
Acute_Survivor_21_2					93.05266205579892	56.0	118.66994015754523	40.0	22611539.0
Acute_Survivor_22	32.90920902191058	2488883	20.11	3781703.0					
Acute_Survivor_22._STARpass1			20.8	3910432.0					
Acute_Survivor_22_1					88.06310890876375	54.0	117.606793664043	20.0	18804168.0
Acute_Survivor_22_2					86.57475411014187	53.0	116.98986511926505	40.0	18804168.0
Acute_Survivor_23	24.385834387322372	65554	22.94	134425.0					
Acute_Survivor_23._STARpass1			22.98	134655.0					
Acute_Survivor_23_1					78.24838831962774	52.0	120.66138781472596	30.0	585986.0
Acute_Survivor_23_2					72.12858646710706	51.0	119.705071452219	30.0	585986.0
Acute_Survivor_27	7.793234413382828	1733641	47.71	11124411.0					
Acute_Survivor_27._STARpass1			47.66	11113264.0					
Acute_Survivor_27_1					86.85709709828629	47.0	116.22070921754651	20.0	23317105.0
Acute_Survivor_27_2					84.77208685889781	47.0	115.56551175628364	10.0	23317105.0
Acute_Survivor_28	44.96270341129242	10697280	9.36	11896568.0					
Acute_Survivor_28._STARpass1			9.3	11817920.0					
Acute_Survivor_28_1					95.51670593349785	56.0	120.19873141053436	30.0	127098328.0
Acute_Survivor_28_2					94.35506514133147	55.0	118.86101829758138	40.0	127098328.0
Acute_Survivor_29	29.193524139069826	592268	10.19	1014450.0					
Acute_Survivor_29._STARpass1			10.15	1010457.0					
Acute_Survivor_29_1					91.66196551256706	55.0	120.1134105321097	40.0	9959657.0
Acute_Survivor_29_2					90.96983433472661	54.0	119.51634478978544	40.0	9959657.0
Acute_Survivor_2_1					85.302746234762	54.0	116.85516628326184	30.0	26193376.0
Acute_Survivor_2_2					83.82545771597746	53.0	115.61417634748571	40.0	26193376.0
Acute_Survivor_30	49.5997472625971	1552731	5.5	1565355.0					
Acute_Survivor_30._STARpass1			5.33	1517408.0					
Acute_Survivor_30_1					94.18014331143019	57.0	120.04500121157568	40.0	28471189.0
Acute_Survivor_30_2					93.63362822177116	56.0	119.47670538100814	40.0	28471189.0
Acute_Survivor_31	52.50914824799457	4562857	9.21	4345368.0					
Acute_Survivor_31._STARpass1			9.1	4294052.0					
Acute_Survivor_31_1					94.23756395291528	55.0	116.96475604921712	40.0	47162136.0
Acute_Survivor_31_2					92.82059812151614	54.0	115.55668148703019	40.0	47162136.0
Acute_Survivor_32	24.856541003849784	34220	6.44	68877.0					
Acute_Survivor_32._STARpass1			6.35	67951.0					
Acute_Survivor_32_1					65.69317618857247	55.0	123.55240685407419	20.0	1069612.0
Acute_Survivor_32_2					44.71974673395067	54.0	114.68566265150353	30.0	1069612.0
Acute_Survivor_35	18.743226930410568	109309	24.11	291630.0					
Acute_Survivor_35._STARpass1			24.36	294618.0					
Acute_Survivor_35_1					83.69281099000878	51.0	114.89897926874737	30.0	1209623.0
Acute_Survivor_35_2					80.6560221475923	50.0	114.1560072849144	40.0	1209623.0
Acute_Survivor_36	44.21218128665744	1872003	11.65	2120473.0					
Acute_Survivor_36._STARpass1			11.79	2144923.0					
Acute_Survivor_36_1					91.48973169976787	57.0	138.76447106512313	20.0	18198384.0
Acute_Survivor_36_2					90.57093897870607	57.0	135.88592003553723	40.0	18198384.0
Acute_Survivor_37	36.44134292203646	8384340	19.21	11510305.0					
Acute_Survivor_37._STARpass1			19.21	11507869.0					
Acute_Survivor_37_1					92.46362385471079	55.0	142.1477139537361	20.0	59916154.0
Acute_Survivor_37_2					91.10013863168003	54.0	138.55576175667082	40.0	59916154.0
Acute_Survivor_38	31.267758109773464	2972602	15.3	4755814.0					
Acute_Survivor_38._STARpass1			15.58	4843154.0					
Acute_Survivor_38_1					93.6306131671302	55.0	140.84660006146777	20.0	31082959.0
Acute_Survivor_38_2					92.25755839693079	54.0	137.20273124576073	40.0	31082959.0
Acute_Survivor_39	59.11275290336623	4559995	8.37	3861685.0					
Acute_Survivor_39._STARpass1			8.39	3872063.0					
Acute_Survivor_39_1					95.51518227970934	57.0	141.4351851039536	30.0	46164303.0
Acute_Survivor_39_2					94.41605929609354	56.0	137.9089804735057	40.0	46164303.0
Acute_Survivor_4	32.77888607431852	1607944	20.43	2452992.0					
Acute_Survivor_4._STARpass1			20.45	2456282.0					
Acute_Survivor_41	33.37931612608146	5168471	17.9	7745924.0					
Acute_Survivor_41._STARpass1			18.53	8020677.0					
Acute_Survivor_41_1					92.75015363825347	55.0	141.42828082676414	20.0	43275220.0
Acute_Survivor_41_2					91.36756810831208	55.0	137.8117139785771	40.0	43275220.0
Acute_Survivor_42	37.75674897065923	3606795	16.64	4778553.0					
Acute_Survivor_42._STARpass1			16.61	4770442.0					
Acute_Survivor_42_1					91.48296892727211	55.0	141.4559514849022	20.0	28721286.0
Acute_Survivor_42_2					90.06445421570622	55.0	138.01720936172566	40.0	28721286.0
Acute_Survivor_43	37.110402891784666	6914650	21.7	9322208.0					
Acute_Survivor_43._STARpass1			21.84	9382403.0					
Acute_Survivor_43_1					89.2878217605597	54.0	140.39608356042973	20.0	42967802.0
Acute_Survivor_43_2					87.47718138911814	53.0	136.63369350380083	40.0	42967802.0
Acute_Survivor_4_1					82.7627226328181	54.0	118.49575070043102	30.0	12009391.0
Acute_Survivor_4_2					80.87456397224659	52.0	117.60838297295841	30.0	12009391.0
Acute_Survivor_7	45.15897483643004	1804344	14.74	1997924.0					
Acute_Survivor_7._STARpass1			14.75	1998726.0					
Acute_Survivor_7_1					88.45599551347985	55.0	118.70896740794406	30.0	13554530.0
Acute_Survivor_7_2					87.91743461360142	54.0	118.31370501227265	40.0	13554530.0
Acute_Survivor_8	26.64110570300303	58019	6.02	108901.0					
Acute_Survivor_8._STARpass1			5.86	106078.0					
Acute_Survivor_8_1					86.29982966315224	51.0	119.71916940871748	30.0	1809169.0
Acute_Survivor_8_2					82.83404060255003	51.0	118.96566876836825	20.0	1809169.0
Acute_Survivor_9	2.0664437569075322	194621	11.38	4709557.0					
Acute_Survivor_9._STARpass1			11.45	4738338.0					
Acute_Survivor_9_1					89.69297585189963	47.0	117.7808144820043	20.0	41380681.0
Acute_Survivor_9_2					86.48386845546773	46.0	116.89994676501337	10.0	41380681.0
